-0.6554403091561994
-1.3059559661099285
-1.9514937786508604
-2.5919602987756507
-3.227289842996867
-3.8575185678199793
-4.4828465098590575
-5.103681185582418
-5.720662175473259
-6.3346687287811285
-6.946813333215337
-7.558424254994487
-8.171019740884676
-8.78627613650099
-9.40599174016959
-10.032047835439169
-10.6663680468197
-11.310876942204986
-11.967458652295086
-12.63791617915263
-13.32393200902673
-14.027030615644955
-14.748543427507812
-15.489576826112284
-16.25098373296708
-17.03333932496212
-17.836921385085873
-18.661695745358248
-19.50730720959269
-20.373076255289718
-21.258001708180245
-22.160769462577186
-23.079767189699933
-24.013104839169213
-24.95864060094815
-25.914011861139823
-26.87667055991015
-27.84392224744868
-28.812968037597965
-29.780948581051344
-30.744989122585444
-31.702244670861365
-32.64994429580748
-33.58543357834588
-34.50621427121134
-35.40998028891495
-36.29464923051336
-37.15838875124976
-37.999637237769996
-38.817118404274645
-39.6098496093124
-40.3771438882893
-41.11860589635124
-41.83412214972744
-42.52384612993167
-43.18817896400499
-43.82774650659134
-44.44337372014332
-45.03605727539956
-45.606937276434316
-46.157268957296104
-46.68839510737476
-47.20171986873088
-47.69868441998358
-48.18074492708183
-48.6493530095269
-49.10593884803043
-49.551896951088054
-49.9885745066141
-50.41726217203672
-50.839187102090705
-51.25550797686746
-51.66731177162747
-52.07561200214384
-52.48134818244419
-52.88538624330165
-53.28851967742973
-53.6914711990695
-54.094894729861984
-54.499377548247175
-54.90544246512404
-55.31354991343429
-55.724099863235416
-56.137433496450384
-56.55383459672073
-56.97353062965798
-57.39669350736251
-57.82344004846947
-58.25383216129063
-58.687876792918615
-59.12552570145307
-59.56667512172005
-60.01116540681174
-60.45878073818751
-60.909249005555
-61.36224196379332
-61.81737577721259
-62.274212060840036
-62.732259523562426
-63.19097630828003
-63.64977310932432
-64.10801712706318
-64.56503689396982
-65.0201279759431
-65.47255951823583
-65.92158156831303
-66.36643307007297
-66.80635038720645
-67.2405761803383
-67.66836843531748
-68.08900942075596
-68.50181434343051
-68.90613947163584
-69.3013895094431
-69.68702402866833
-70.06256279894058
-70.42758989757256
-70.78175652738634
-71.12478251929136
-71.45645654423494
-71.77663510332174
-72.08524040304088
-72.3822572528706
-72.66772914398913
-72.94175368008038
-73.2044775346319
-73.45609110459253
-73.69682301910467
-73.9269346458095
-74.14671471757424
-74.35647418098154
-74.5565413459512
-74.74725739459754
-74.92897228774764
-75.10204109007057
-75.26682071984646
-75.42366711717455
-75.57293281483454
-75.71496488890593
-75.85010326135321
-75.97867932379572
-76.10101485027239
-76.21742116666752
-76.32819854528604
-76.43363579459454
-76.53401001615069
-76.62958650304407
-76.72061875661485
-76.8073486006911
-76.89000637500247
-76.96881119173109
-77.04397124130723
-77.11568413552709
-77.1841372778509
-77.24950825233088
-77.31196522402588
-77.37166734499172
-77.42876516100831
-77.4834010151273
-77.5357094449152
-77.58581757093937
-77.63384547461216
-77.67990656398563
-77.72410792648655
-77.76655066791098
-77.80733023726756
-77.84653673728005
-77.88425522053649
-77.92056597141541
-77.95554477403071
-77.9892631665236
-78.02178868209587
-78.05318507722649
-78.08351254754757
-78.11282793187793
-78.14118490492473
-78.16863415916872
-78.1952235764471
-78.22099838974205
-78.24600133567269
-78.27027279817563
-78.29385094384402
-78.31677184937863
-78.33906962158649
-78.36077651034478
-78.38192301492857
-78.40253798408258
-78.4226487101984
-78.44228101794042
-78.46145934764574
-78.48020683380608
-78.49854537892273
-78.51649572300978
-78.53407750900504
-78.55130934433329
-78.56820885885259
-78.58479275940071
-78.60107688114611
-78.61707623593563
-78.63280505781967
-78.64827684592504
-78.6635044048349
-78.67849988262599
-78.69327480670414
-78.70784011757037
-78.72220620064188
-78.73638291624466
-78.7503796278874
-78.76420522891925
-78.7778681676684
-78.79137647115178
-78.8047377674411
-78.8179593067651
-78.83104798142296
-78.84401034457912
-78.85685262800583
-78.86958075883516
-78.88220037537891
-78.89471684207106
-78.90713526358391
-78.91946049816643
-78.93169717024986
-78.94384968236325
-78.95592222639876
-78.96791879426438
-78.97984318795936
-78.99169902910533
-79.00348976796444
-79.01521869197374
-79.02688893382343
-79.03850347910462
-79.0500651735513
-79.06157672989913
-79.07304073438274
-79.0844596528918
-79.09583583680481
-79.10717152851886
-79.11846886669184
-79.12972989121336
-79.1409565479192
-79.15215069306342
-79.16331409756141
-79.17444845101647
-79.18555536554162
-79.19663637938777
-79.20769296038884
-79.21872650923356
-79.22973836257337
-79.24072979597513
-79.251702026727
-79.2626562165053
-79.27359347390963
-79.2845148568733
-79.29542137495571
-79.30631399152267
-79.31719362582075
-79.32806115495104
-79.33891741574762
-79.34976320656561
-79.36059928898364
-79.37142638942485
-79.38224520070094
-79.39305638348286
-79.4038605677022
-79.41465835388654
-79.42545031443228
-79.436236994818
-79.44701891476133
-79.45779656932224
-79.4685704299554
-79.47934094551408
-79.49010854320801
-79.50087362951757
-79.51163659106636
-79.5223977954542
-79.53315759205246
-79.54391631276378
-79.55467427274756
-79.56543177111311
-79.57618909158201
-79.58694650312106
-79.59770426054726
-79.6084626051063
-79.61922176502549
-79.62998195604274
-79.64074338191244
-79.65150623488938
-79.66227069619188
-79.67303693644487
-79.68380511610412
-79.69457538586224
-79.70534788703743
-79.71612275194587
-79.72690010425823
-79.73768005934127
-79.74846272458512
-79.75924819971688
-79.77003657710121
-79.78082794202841
-79.79162237299069
-79.80241994194698
-79.81322071457699
-79.82402475052483
-79.83483210363275
-79.84564282216542
-79.85645694902516
-79.8672745219585
-79.87809557375452
-79.88892013243513
-79.899748221438
-79.91057985979211
-79.92141506228639
-79.93225383963174
-79.94309619861677
-79.95394214225736
-79.96479166994048
-79.97564477756242
-79.98650145766175
-79.99736169954703
-80.00822548941981
-80.01909281049284
-80.02996364310378
-80.04083796482468
-80.05171575056725
-80.06259697268432
-80.07348160106727
-80.0843696032401
-80.09526094444985
-80.10615558775366
-80.11705349410276
-80.12795462242325
-80.13885892969397
-80.14976637102158
-80.1606768997129
-80.17159046734453
-80.18250702383017
-80.19342651748534
-80.2043488950899
-80.2152741019483
-80.22620208194775
-80.23713277761422
-80.24806613016666
-80.25900207956911
-80.26994056458118
-80.28088152280664
-80.29182489074041
-80.30277060381394
-80.3137185964389
-80.3246688020496
-80.33562115314373
-80.34657558132191
-80.3575320173258
-80.3684903910749
-80.37945063170224
-80.39041266758876
-80.40137642639662
-80.41234183510134
-80.42330882002294
-80.43427730685603
-80.44524722069893
-80.4562184860818
-80.46719102699387
-80.47816476690987
-80.48913962881547
-80.50011553523197
-80.51109240824024
-80.52207016950386
-80.53304874029145
-80.54402804149845
-80.55500799366807
-80.56598851701168
-80.57696953142846
-80.58795095652458
-80.59893271163165
-80.60991471582463
-80.62089688793928
-80.63187914658893
-80.64286141018084
-80.65384359693205
-80.66482562488467
-80.67580741192081
-80.68678887577701
-80.6977699340582
-80.70875050425131
-80.71973050373846
-80.73070984980967
-80.74168845967533
-80.75266625047821
-80.76364313930512
-80.77461904319826
-80.7855938791662
-80.7965675641946
-80.80754001525656
-80.81851114932266
-80.82948088337074
-80.84044913439543
-80.85141581941734
-80.862380855492
-80.8733441597186
-80.88430564924836
-80.89526524129283
-80.90622285313181
-80.91717840212108
-80.92813180569996
-80.93908298139863
-80.95003184684518
-80.96097831977258
-80.97192231802538
-80.9828637595662
-80.9938025624821
-81.00473864499075
-81.01567192544641
-81.02660232234574
-81.03752975433349
-81.04845414020798
-81.05937539892649
-81.07029344961043
-81.0812082115504
-81.09211960421113
-81.10302754723627
-81.11393196045297
-81.12483276387651
-81.13572987771462
-81.14662322237179
-81.15751271845339
-81.16839828676977
-81.17927984834014
-81.19015732439644
-81.20103063638699
-81.21189970598017
-81.2227644550679
-81.23362480576904
-81.24448068043276
-81.2553320016417
-81.2661786922152
-81.27702067521226
-81.28785787393453
-81.29869021192924
-81.30951761299195
-81.32034000116928
-81.33115730076157
-81.34196943632546
-81.35277633267631
-81.36357791489077
-81.37437410830897
-81.38516483853694
-81.39595003144875
-81.40672961318873
-81.41750351017352
-81.4282716490941
-81.4390339569178
-81.44979036089018
-81.46054078853692
-81.47128516766558
-81.48202342636742
-81.49275549301899
-81.50348129628387
-81.5142007651142
-81.52491382875226
-81.53562041673194
-81.5463204588802
-81.55701388531845
-81.56770062646395
-81.57838061303106
-81.58905377603257
-81.59972004678089
-81.61037935688923
-81.62103163827275
-81.6316768231497
-81.64231484404245
-81.65294563377849
-81.66356912549149
-81.67418525262222
-81.68479394891946
-81.69539514844091
-81.70598878555403
-81.71657479493685
-81.72715311157876
-81.73772367078126
-81.74828640815873
-81.75884125963906
-81.7693881614643
-81.77992705019139
-81.79045786269266
-81.80098053615646
-81.8114950080877
-81.82200121630838
-81.83249909895805
-81.84298859449433
-81.85346964169331
-81.86394217965
-81.87440614777871
-81.88486148581342
-81.89530813380813
-81.90574603213719
-81.91617512149558
-81.92659534289925
-81.93700663768527
-81.94740894751219
-81.95780221436016
-81.96818638053117
-81.97856138864921
-81.98892718166046
-81.99928370283335
-82.00963089575876
-82.01996870435008
-82.03029707284327
-82.04061594579697
-82.0509252680925
-82.0612249849339
-82.07151504184796
-82.08179538468418
-82.0920659596148
-82.10232671313467
-82.11257759206129
-82.12281854353466
-82.13304951501729
-82.14327045429398
-82.1534813094718
-82.1636820289799
-82.17387256156942
-82.18405285631329
-82.19422286260604
-82.20438253016367
-82.21453180902343
-82.22467064954357
-82.23479900240318
-82.2449168186019
-82.25502404945968
-82.26512064661654
-82.2752065620323
-82.28528174798623
-82.29534615707685
-82.30539974222154
-82.31544245665627
-82.32547425393523
-82.33549508793051
-82.34550491283179
-82.35550368314587
-82.36549135369641
-82.37546787962347
-82.38543321638318
-82.39538731974726
-82.40533014580268
-82.41526165095121
-82.42518179190898
-82.43509052570607
-82.44498780968603
-82.45487360150541
-82.46474785913335
-82.47461054085107
-82.48446160525138
-82.49430101123819
-82.50412871802605
-82.51394468513959
-82.52374887241304
-82.53354123998967
-82.54332174832133
-82.55309035816784
-82.56284703059646
-82.57259172698137
-82.58232440900309
-82.59204503864791
-82.60175357820732
-82.61144999027744
-82.62113423775841
-82.63080628385383
-82.64046609207013
-82.65011362621598
-82.6597488504017
-82.66937172903857
-82.67898222683831
-82.68858030881236
-82.6981659402713
-82.70773908682415
-82.71729971437782
-82.72684778913634
-82.73638327760032
-82.7459061465662
-82.75541636312559
-82.76491389466466
-82.7743987088634
-82.78387077369497
-82.79333005742498
-82.80277652861082
-82.81221015610097
-82.8216309090343
-82.8310387568393
-82.84043366923348
-82.84981561622256
-82.85918456809978
-82.86854049544519
-82.87788336912492
-82.88721316029043
-82.89652984037778
-82.90583338110692
-82.91512375448087
-82.92440093278508
-82.93366488858656
-82.94291559473324
-82.95215302435311
-82.96137715085354
-82.97058794792045
-82.9797853895176
-82.98896944988576
-82.99814010354197
-83.00729732527874
-83.01644109016331
-83.0255713735368
-83.03468815101348
-83.04379139847994
-83.05288109209431
-83.06195720828548
-83.07101972375226
-83.08006861546262
-83.08910386065288
-83.09812543682685
-83.10713332175507
-83.11612749347401
-83.12510793028521
-83.13407461075447
-83.14302751371106
-83.15196661824687
-83.16089190371561
-83.16980334973192
-83.17870093617066
-83.18758464316593
-83.19645445111037
-83.20531034065424
-83.2141522927046
-83.22298028842451
-83.23179430923213
-83.24059433679993
-83.2493803530538
-83.25815234017223
-83.26691028058546
-83.27565415697462
-83.28438395227089
-83.29309964965461
-83.3018012325545
-83.31048868464671
-83.31916198985407
-83.3278211323451
-83.33646609653326
-83.34509686707605
-83.35371342887414
-83.3623157670705
-83.37090386704953
-83.37947771443625
-83.38803729509533
-83.39658259513031
-83.40511360088271
-83.41363029893112
-83.42213267609036
-83.43062071941058
-83.43909441617645
-83.44755375390619
-83.45599872035078
-83.464429303493
-83.47284549154664
-83.48124727295554
-83.4896346363928
-83.49800757075977
-83.5063660651853
-83.5147101090248
-83.52303969185935
-83.53135480349482
-83.539655433961
-83.54794157351073
-83.55621321261896
-83.56447034198192
-83.57271295251621
-83.58094103535792
-83.58915458186176
-83.59735358360011
-83.60553803236222
-83.61370792015326
-83.62186323919346
-83.6300039819172
-83.63813014097215
-83.64624170921837
-83.6543386797274
-83.66242104578141
-83.67048880087229
-83.67854193870075
-83.68658045317545
-83.6946043384121
-83.70261358873259
-83.71060819866406
-83.71858816293806
-83.72655347648963
-83.7345041344564
-83.74244013217776
-83.75036146519389
-83.75826812924494
-83.7661601202701
-83.77403743440674
-83.78190006798948
-83.78974801754937
-83.79758127981293
-83.80539985170132
-83.8132037303294
-83.82099291300491
-83.82876739722751
-83.83652718068795
-83.84427226126716
-83.85200263703537
-83.85971830625122
-83.86741926736092
-83.87510551899726
-83.88277705997885
-83.89043388930916
-83.89807600617567
-83.90570340994897
-83.9133161001819
-83.92091407660864
-83.92849733914387
-83.93606588788185
-83.94361972309558
-83.9511588452359
-83.9586832549306
-83.96619295298359
-83.97368794037396
-83.98116821825519
-83.98863378795417
-83.99608465097043
-84.0035208089752
-84.01094226381055
-84.01834901748856
-84.02574107219041
-84.03311843026552
-84.04048109423067
-84.04782906676917
-84.05516235072994
-84.06248094912672
-84.06978486513712
-84.07707410210183
-84.0843486635237
-84.09160855306692
-84.09885377455616
-84.10608433197567
-84.11330022946845
-84.12050147133543
-84.12768806203454
-84.13486000617989
-84.14201730854094
-84.14915997404161
-84.15628800775946
-84.1634014149248
-84.17050020091992
-84.17758437127813
-84.184653931683
-84.19170888796748
-84.19874924611308
-84.20577501224899
-84.2127861926513
-84.21978279374206
-84.22676482208854
-84.23373228440236
-84.24068518753865
-84.24762353849518
-84.25454734441159
-84.26145661256855
-84.26835135038687
-84.27523156542671
-84.28209726538678
-84.28894845810348
-84.29578515155006
-84.30260735383587
-84.30941507320541
-84.31620831803767
-84.32298709684515
-84.32975141827319
-84.33650129109904
-84.3432367242311
-84.34995772670811
-84.35666430769832
-84.3633564764987
-84.37003424253409
-84.37669761535646
-84.38334660464406
-84.38998122020061
-84.39660147195451
-84.40320736995808
-84.4097989243867
-84.41637614553805
-84.4229390438313
-84.42948762980633
-84.43602191412293
-84.44254190756001
-84.44904762101481
-84.45553906550212
-84.46201625215349
-84.46847919221646
-84.47492789705377
-84.48136237814258
-84.48778264707367
-84.49418871555072
-84.50058059538948
-84.50695829851703
-84.51332183697102
-84.51967122289884
-84.52600646855694
-84.53232758631
-84.53863458863019
-84.5449274880964
-84.55120629739353
-84.55747102931164
-84.56372169674528
-84.56995831269268
-84.57618089025505
-84.58238944263577
-84.58858398313971
-84.59476452517242
-84.60093108223944
-84.6070836679455
-84.61322229599385
-84.61934698018545
-84.62545773441832
-84.6315545726867
-84.6376375090804
-84.64370655778406
-84.64976173307637
-84.65580304932942
-84.66183052100791
-84.66784416266847
-84.67384398895891
-84.67983001461752
-84.68580225447238
-84.69176072344057
-84.69770543652753
-84.70363640882634
-84.70955365551698
-84.71545719186567
-84.7213470332241
-84.72722319502881
-84.73308569280042
-84.73893454214297
-84.74476975874323
-84.75059135836999
-84.75639935687337
-84.76219377018415
-84.76797461431306
-84.77374190535011
-84.77949565946389
-84.78523589290093
-84.79096262198497
-84.79667586311633
-84.80237563277122
-84.80806194750103
-84.81373482393175
-84.81939427876321
-84.82504032876848
-84.83067299079316
-84.83629228175477
-84.84189821864202
-84.84749081851425
-84.85307009850068
-84.85863607579985
-84.86418876767888
-84.8697281914729
-84.87525436458434
-84.88076730448233
-84.88626702870208
-84.89175355484417
-84.89722690057397
-84.90268708362099
-84.90813412177825
-84.91356803290164
-84.91898883490933
-84.9243965457811
-84.92979118355773
-84.93517276634039
-84.94054131229004
-84.94589683962677
-84.95123936662921
-84.95656891163392
-84.9618854930348
-84.96718912928243
-84.97247983888352
-84.97775764040027
-84.98302255244981
-84.98827459370355
-84.99351378288665
-84.99874013877736
-85.00395368020648
-85.00915442605674
-85.01434239526223
-85.01951760680782
-85.02468007972857
-85.02982983310915
-85.03496688608325
-85.04009125783307
-85.04520296758864
-85.05030203462734
-85.0553884782733
-85.06046231789685
-85.06552357291392
-85.0705722627855
-85.07560840701711
-85.08063202515821
-85.08564313680165
-85.09064176158313
-85.09562791918063
-85.1006016293139
-85.10556291174387
-85.11051178627216
-85.11544827274048
-85.12037239103016
-85.12528416106156
-85.13018360279355
-85.135070736223
-85.13994558138423
-85.1448081583485
-85.14965848722346
-85.15449658815267
-85.15932248131504
-85.16413618692435
-85.1689377252287
-85.17372711651002
-85.17850438108357
-85.1832695392974
-85.18802261153188
-85.19276361819915
-85.19749257974269
-85.20220951663674
-85.20691444938589
-85.21160739852452
-85.21628838461633
-85.22095742825385
-85.22561455005797
-85.23025977067742
-85.23489311078833
-85.23951459109372
-85.24412423232305
-85.24872205523168
-85.2533080806005
-85.25788232923537
-85.26244482196671
-85.26699557964898
-85.27153462316026
-85.2760619734018
-85.28057765129748
-85.28508167779346
-85.28957407385765
-85.29405486047929
-85.29852405866849
-85.30298168945578
-85.30742777389167
-85.31186233304622
-85.31628538800855
-85.32069695988648
-85.325097069806
-85.32948573891095
-85.33386298836244
-85.33822883933858
-85.34258331303394
-85.34692643065917
-85.35125821344054
-85.35557868261961
-85.35988785945268
-85.3641857652105
-85.36847242117774
-85.37274784865271
-85.37701206894681
-85.38126510338424
-85.3855069733015
-85.38973770004706
-85.39395730498094
-85.39816580947428
-85.40236323490898
-85.40654960267727
-85.41072493418139
-85.4148892508331
-85.41904257405336
-85.42318492527195
-85.42731632592704
-85.43143679746483
-85.43554636133919
-85.43964503901127
-85.44373285194912
-85.44780982162732
-85.45187596952661
-85.45593131713353
-85.45997588594004
-85.46400969744316
-85.46803277314463
-85.47204513455051
-85.47604680317087
-85.48003780051941
-85.48401814811308
-85.48798786747177
-85.49194698011796
-85.49589550757635
-85.49983347137352
-85.50376089303761
-85.50767779409794
-85.51158419608474
-85.51548012052871
-85.51936558896078
-85.52324062291174
-85.5271052439119
-85.5309594734908
-85.53480333317681
-85.5386368444969
-85.54246002897627
-85.546272908138
-85.55007550350278
-85.55386783658861
-85.55764992891042
-85.56142180197982
-85.56518347730473
-85.56893497638913
-85.57267632073274
-85.57640753183068
-85.58012863117324
-85.58383964024549
-85.58754058052705
-85.59123147349179
-85.59491234060748
-85.59858320333558
-85.60224408313088
-85.60589500144127
-85.60953597970737
-85.61316703936238
-85.61678820183165
-85.6203994885325
-85.62400092087391
-85.62759252025624
-85.63117430807097
-85.6347463057004
-85.63830853451744
-85.64186101588524
-85.64540377115704
-85.6489368216758
-85.65246018877403
-85.65597389377346
-85.65947795798482
-85.66297240270755
-85.66645724922958
-85.66993251882705
-85.6733982327641
-85.67685441229254
-85.6803010786517
-85.68373825306809
-85.68716595675522
-85.69058421091337
-85.69399303672927
-85.69739245537593
-85.7007824880124
-85.70416315578348
-85.70753447981956
-85.71089648123633
-85.7142491811346
-85.71759260060001
-85.72092676070287
-85.72425168249787
-85.72756738702391
-85.73087389530389
-85.73417122834441
-85.73745940713563
-85.74073845265103
-85.74400838584718
-85.74726922766357
-85.75052099902233
-85.7537637208281
-85.75699741396777
-85.76022209931028
-85.76343779770646
-85.76664452998874
-85.76984231697105
-85.77303117944855
-85.77621113819747
-85.7793822139749
-85.78254442751859
-85.78569779954677
-85.78884235075796
-85.79197810183078
-85.79510507342374
-85.7982232861751
-85.80133276070265
-85.80443351760351
-85.80752557745403
-85.8106089608095
-85.81368368820408
-85.81674978015053
-85.81980725714011
-85.82285613964237
-85.82589644810497
-85.82892820295353
-85.83195142459147
-85.8349661333998
-85.83797234973703
-85.84097009393894
-85.8439593863184
-85.8469402471653
-85.84991269674634
-85.85287675530483
-85.8558324430606
-85.85877978020983
-85.86171878692485
-85.86464948335407
-85.86757188962176
-85.87048602582793
-85.87339191204818
-85.87628956833356
-85.87917901471042
-85.88206027118025
-85.88493335771958
-85.88779829427978
-85.89065510078697
-85.89350379714189
-85.89634440321973
-85.89917693886999
-85.90200142391637
-85.90481787815668
-85.90762632136259
-85.91042677327962
-85.91321925362696
-85.91600378209735
-85.91878037835694
-85.9215490620452
-85.92430985277477
-85.92706277013134
-85.92980783367358
-85.93254506293293
-85.93527447741356
-85.93799609659223
-85.94070993991816
-85.94341602681295
-85.94611437667045
-85.94880500885662
-85.95148794270948
-85.95416319753896
-85.95683079262682
-85.9594907472265
-85.96214308056307
-85.9647878118331
-85.96742496020458
-85.97005454481676
-85.97267658478013
-85.97529109917626
-85.97789810705774
-85.98049762744807
-85.98308967934157
-85.98567428170328
-85.98825145346889
-85.9908212135446
-85.9933835808071
-85.99593857410342
-85.99848621225085
-86.00102651403692
-86.00355949821925
-86.00608518352544
-86.0086035886531
-86.01111473226965
-86.01361863301229
-86.01611530948793
-86.01860478027311
-86.02108706391391
-86.02356217892586
-86.0260301437939
-86.0284909769723
-86.03094469688452
-86.03339132192328
-86.03583087045034
-86.03826336079652
-86.0406888112616
-86.04310724011428
-86.04551866559206
-86.04792310590123
-86.05032057921679
-86.05271110368236
-86.05509469741014
-86.05747137848087
-86.05984116494373
-86.06220407481632
-86.06456012608454
-86.06690933670261
-86.06925172459296
-86.0715873076462
-86.07391610372105
-86.0762381306443
-86.07855340621076
-86.08086194818318
-86.08316377429226
-86.08545890223651
-86.0877473496823
-86.09002913426374
-86.09230427358267
-86.0945727852086
-86.09683468667866
-86.0990899954976
-86.10133872913767
-86.10358090503864
-86.10581654060775
-86.10804565321963
-86.11026826021634
-86.11248437890724
-86.114694026569
-86.11689722044557
-86.11909397774811
-86.12128431565502
-86.12346825131182
-86.12564580183118
-86.12781698429288
-86.12998181574372
-86.1321403131976
-86.13429249363537
-86.13643837400488
-86.13857797122094
-86.14071130216526
-86.14283838368645
-86.1449592326
-86.14707386568823
-86.14918229970029
-86.1512845513521
-86.1533806373264
-86.15547057427264
-86.15755437880702
-86.15963206751243
-86.16170365693849
-86.16376916360143
-86.1658286039842
-86.16788199453634
-86.16992935167404
-86.17197069178006
-86.17400603120377
-86.17603538626112
-86.17805877323461
-86.18007620837328
-86.1820877078927
-86.184093287975
-86.18609296476879
-86.18808675438919
-86.19007467291782
-86.19205673640276
-86.19403296085859
-86.19600336226637
-86.19796795657356
-86.19992675969416
-86.20187978750856
-86.20382705586361
-86.20576858057261
-86.20770437741528
-86.20963446213779
-86.21155885045273
-86.21347755803914
-86.21539060054248
-86.2172979935746
-86.21919975271385
-86.22109589350497
-86.22298643145912
-86.22487138205392
-86.22675076073342
-86.22862458290811
-86.23049286395491
-86.23235561921719
-86.23421286400479
-86.236064613594
-86.23791088322756
-86.2397516881147
-86.24158704343111
-86.243416964319
-86.24524146588703
-86.24706056321041
-86.24887427133082
-86.25068260525649
-86.25248557996215
-86.25428321038915
-86.2560755114453
-86.25786249800504
-86.25964418490938
-86.26142058696591
-86.26319171894885
-86.26495759559901
-86.26671823162388
-86.26847364169757
-86.27022384046084
-86.27196884252119
-86.27370866245278
-86.27544331479649
-86.27717281405994
-86.27889717471751
-86.28061641121036
-86.28233053794641
-86.2840395693004
-86.28574351961393
-86.28744240319541
-86.28913623432015
-86.29082502723034
-86.29250879613508
-86.29418755521043
-86.29586131859938
-86.2975301004119
-86.29919391472501
-86.30085277558271
-86.30250669699608
-86.30415569294325
-86.3057997773695
-86.30743896418721
-86.30907326727592
-86.31070270048234
-86.31232727762041
-86.31394701247129
-86.3155619187834
-86.31717201027247
-86.31877730062153
-86.32037780348097
-86.32197353246853
-86.3235645011694
-86.32515072313618
-86.32673221188891
-86.32830898091518
-86.32988104367008
-86.33144841357627
-86.33301110402398
-86.33456912837107
-86.33612249994307
-86.33767123203317
-86.33921533790232
-86.34075483077916
-86.34228972386018
-86.34382003030966
-86.34534576325973
-86.34686693581043
-86.3483835610297
-86.34989565195347
-86.35140322158564
-86.35290628289816
-86.35440484883102
-86.35589893229233
-86.35738854615835
-86.3588737032735
-86.36035441645043
-86.36183069847003
-86.36330256208147
-86.36477002000228
-86.36623308491833
-86.36769176948391
-86.36914608632173
-86.37059604802303
-86.37204166714753
-86.37348295622353
-86.37491992774792
-86.37635259418627
-86.3777809679728
-86.37920506151045
-86.38062488717095
-86.38204045729483
-86.38345178419146
-86.38485888013912
-86.386261757385
-86.38766042814528
-86.38905490460515
-86.39044519891885
-86.39183132320976
-86.39321328957037
-86.39459111006238
-86.39596479671671
-86.39733436153357
-86.39869981648248
-86.40006117350234
-86.40141844450146
-86.40277164135759
-86.40412077591799
-86.40546585999947
-86.40680690538841
-86.40814392384085
-86.40947692708251
-86.41080592680882
-86.41213093468501
-86.4134519623461
-86.414769021397
-86.41608212341254
-86.41739127993746
-86.41869650248657
-86.4199978025447
-86.4212951915668
-86.42258868097794
-86.42387828217342
-86.42516400651877
-86.42644586534982
-86.42772386997272
-86.42899803166404
-86.43026836167076
-86.43153487121036
-86.43279757147086
-86.43405647361085
-86.43531158875957
-86.43656292801695
-86.43781050245362
-86.43905432311101
-86.44029440100138
-86.44153074710788
-86.44276337238456
-86.4439922877565
-86.44521750411977
-86.44643903234154
-86.44765688326012
-86.44887106768498
-86.45008159639683
-86.45128848014767
-86.45249172966084
-86.45369135563105
-86.45488736872447
-86.45607977957874
-86.45726859880305
-86.45845383697817
-86.45963550465652
-86.46081361236222
-86.46198817059111
-86.46315918981088
-86.46432668046103
-86.46549065295297
-86.46665111767005
-86.46780808496767
-86.46896156517326
-86.47011156858635
-86.47125810547865
-86.4724011860941
-86.47354082064888
-86.47467701933151
-86.47580979230288
-86.47693914969634
-86.47806510161764
-86.47918765814516
-86.48030682932982
-86.48142262519517
-86.48253505573746
-86.48364413092571
-86.48474986070173
-86.48585225498016
-86.48695132364858
-86.48804707656753
-86.48913952357053
-86.49022867446422
-86.49131453902832
-86.49239712701575
-86.49347644815265
-86.49455251213844
-86.4956253286459
-86.49669490732119
-86.49776125778389
-86.49882438962713
-86.49988431241756
-86.50094103569545
-86.50199456897474
-86.50304492174307
-86.50409210346186
-86.50513612356636
-86.5061769914657
-86.50721471654293
-86.50824930815514
-86.5092807756334
-86.51030912828291
-86.51133437538303
-86.5123565261873
-86.51337558992357
-86.51439157579395
-86.51540449297495
-86.51641435061752
-86.51742115784707
-86.51842492376355
-86.5194256574415
-86.52042336793012
-86.5214180642533
-86.52240975540967
-86.5233984503727
-86.5243841580907
-86.52536688748691
-86.52634664745955
-86.52732344688185
-86.52829729460214
-86.52926819944388
-86.53023617020573
-86.5312012156616
-86.53216334456069
-86.53312256562758
-86.53407888756225
-86.53503231904013
-86.53598286871221
-86.53693054520502
-86.53787535712077
-86.5388173130373
-86.53975642150824
-86.54069269106299
-86.54162613020681
-86.54255674742086
-86.54348455116228
-86.5444095498642
-86.54533175193583
-86.54625116576253
-86.54716779970579
-86.54808166210339
-86.54899276126936
-86.5499011054941
-86.55080670304439
-86.55170956216347
-86.55260969107108
-86.55350709796356
-86.55440179101382
-86.55529377837145
-86.5561830681628
-86.55706966849095
-86.55795358743588
-86.55883483305439
-86.55971341338028
-86.56058933642433
-86.56146261017436
-86.5623332425953
-86.56320124162926
-86.56406661519554
-86.56492937119074
-86.56578951748877
-86.5666470619409
-86.56750201237585
-86.56835437659984
-86.5692041623966
-86.57005137752748
-86.57089602973146
-86.57173812672524
-86.57257767620325
-86.57341468583776
-86.57424916327889
-86.57508111615469
-86.57591055207115
-86.57673747861232
-86.5775619033403
-86.57838383379533
-86.57920327749586
-86.58002024193856
-86.58083473459837
-86.58164676292861
-86.58245633436098
-86.58326345630566
-86.58406813615129
-86.5848703812651
-86.58567019899294
-86.58646759665929
-86.58726258156739
-86.5880551609992
-86.58884534221556
-86.58963313245614
-86.59041853893957
-86.59120156886345
-86.59198222940441
-86.59276052771817
-86.5935364709396
-86.59431006618276
-86.59508132054093
-86.59585024108672
-86.59661683487208
-86.59738110892836
-86.59814307026635
-86.59890272587636
-86.59966008272826
-86.60041514777153
-86.60116792793531
-86.60191843012844
-86.60266666123954
-86.60341262813705
-86.60415633766928
-86.60489779666445
-86.60563701193075
-86.60637399025642
-86.60710873840972
-86.60784126313911
-86.60857157117316
-86.60929966922072
-86.6100255639709
-86.61074926209311
-86.6114707702372
-86.61219009503343
-86.61290724309251
-86.61362222100573
-86.61433503534494
-86.61504569266265
-86.61575419949202
-86.61646056234697
-86.61716478772222
-86.6178668820933
-86.61856685191664
-86.61926470362961
-86.61996044365057
-86.6206540783789
-86.6213456141951
-86.62203505746078
-86.62272241451873
-86.62340769169303
-86.62409089528899
-86.62477203159327
-86.62545110687394
-86.62612812738048
-86.62680309934387
-86.62747602897662
-86.62814692247281
-86.62881578600818
-86.62948262574012
-86.63014744780779
-86.63081025833208
-86.63147106341573
-86.63212986914337
-86.63278668158155
-86.63344150677878
-86.6340943507656
-86.6347452195546
-86.63539411914054
-86.6360410555003
-86.63668603459298
-86.63732906235997
-86.63797014472493
-86.63860928759392
-86.63924649685539
-86.63988177838024
-86.64051513802187
-86.64114658161623
-86.64177611498187
-86.64240374391999
-86.64302947421447
-86.64365331163194
-86.64427526192179
-86.64489533081628
-86.64551352403053
-86.64612984726259
-86.64674430619345
-86.64735690648718
-86.64796765379086
-86.64857655373473
-86.64918361193214
-86.6497888339797
-86.65039222545722
-86.65099379192785
-86.65159353893803
-86.65219147201765
-86.65278759668
-86.65338191842186
-86.65397444272354
-86.6545651750489
-86.65515412084545
-86.65574128554435
-86.65632667456046
-86.65691029329241
-86.65749214712261
-86.65807224141733
-86.65865058152671
-86.65922717278485
-86.6598020205098
-86.66037513000366
-86.66094650655256
-86.6615161554268
-86.66208408188078
-86.66265029115313
-86.66321478846672
-86.66377757902872
-86.66433866803061
-86.66489806064826
-86.66545576204196
-86.66601177735646
-86.66656611172102
-86.66711877024947
-86.66766975804022
-86.66821908017631
-86.66876674172548
-86.66931274774018
-86.66985710325764
-86.67039981329991
-86.67094088287386
-86.6714803169713
-86.67201812056894
-86.6725542986285
-86.67308885609673
-86.67362179790541
-86.67415312897148
-86.674682854197
-86.67521097846924
-86.6757375066607
-86.67626244362914
-86.67678579421768
-86.67730756325477
-86.67782775555429
-86.67834637591554
-86.67886342912333
-86.67937891994798
-86.67989285314539
-86.68040523345708
-86.6809160656102
-86.68142535431762
-86.68193310427793
-86.68243932017549
-86.68294400668049
-86.68344716844896
-86.68394881012287
-86.68444893633007
-86.68494755168443
-86.68544466078582
-86.68594026822016
-86.68643437855951
-86.68692699636203
-86.68741812617208
-86.68790777252023
-86.68839593992331
-86.68888263288446
-86.68936785589314
-86.68985161342519
-86.6903339099429
-86.69081474989497
-86.69129413771662
-86.69177207782961
-86.69224857464226
-86.69272363254952
-86.69319725593297
-86.6936694491609
-86.69414021658831
-86.69460956255699
-86.69507749139552
-86.69554400741934
-86.69600911493076
-86.69647281821901
-86.69693512156027
-86.69739602921776
-86.69785554544168
-86.69831367446936
-86.69877042052518
-86.69922578782071
-86.6996797805547
-86.70013240291313
-86.70058365906921
-86.70103355318348
-86.70148208940378
-86.70192927186538
-86.7023751046909
-86.70281959199045
-86.70326273786159
-86.70370454638942
-86.7041450216466
-86.70458416769335
-86.70502198857758
-86.70545848833481
-86.70589367098829
-86.70632754054898
-86.70676010101567
-86.7071913563749
-86.7076213106011
-86.70804996765655
-86.70847733149148
-86.70890340604404
-86.7093281952404
-86.70975170299475
-86.71017393320932
-86.71059488977444
-86.71101457656859
-86.71143299745839
-86.71185015629867
-86.7122660569325
-86.71268070319125
-86.71309409889454
-86.71350624785036
-86.71391715385506
-86.71432682069343
-86.71473525213865
-86.71514245195243
-86.71554842388497
-86.71595317167501
-86.71635669904988
-86.71675900972554
-86.71716010740654
-86.71755999578619
-86.71795867854645
-86.71835615935807
-86.71875244188054
-86.71914752976222
-86.71954142664029
-86.7199341361408
-86.72032566187872
-86.720716007458
-86.72110517647154
-86.72149317250127
-86.72187999911816
-86.72226565988225
-86.72265015834272
-86.72303349803785
-86.72341568249516
-86.72379671523132
-86.72417659975228
-86.72455533955326
-86.72493293811877
-86.72530939892266
-86.72568472542818
-86.72605892108794
-86.72643198934402
-86.72680393362793
-86.72717475736073
-86.72754446395295
-86.72791305680472
-86.72828053930576
-86.72864691483538
-86.72901218676257
-86.72937635844602
-86.7297394332341
-86.73010141446495
-86.73046230546649
-86.73082210955644
-86.73118083004236
-86.73153847022168
-86.73189503338173
-86.73225052279979
-86.73260494174306
-86.73295829346878
-86.73331058122419
-86.73366180824655
-86.73401197776326
-86.73436109299179
-86.73470915713978
-86.73505617340501
-86.7354021449755
-86.73574707502945
-86.73609096673538
-86.73643382325204
-86.73677564772856
-86.73711644330437
-86.7374562131093
-86.73779496026356
-86.73813268787782
-86.73846939905323
-86.7388050968814
-86.73913978444449
-86.73947346481519
-86.73980614105677
-86.74013781622313
-86.74046849335878
-86.7407981754989
-86.74112686566937
-86.74145456688682
-86.74178128215857
-86.74210701448277
-86.74243176684834
-86.74275554223506
-86.74307834361356
-86.74340017394535
-86.74372103618286
-86.7440409332695
-86.7443598681396
-86.74467784371852
-86.74499486292264
-86.74531092865938
-86.74562604382727
-86.74594021131594
-86.74625343400614
-86.74656571476979
-86.74687705647
-86.74718746196109
-86.74749693408864
-86.7478054756895
-86.74811308959181
-86.74841977861502
-86.74872554556993
-86.74903039325874
-86.74933432447503
-86.74963734200382
-86.74993944862157
-86.75024064709625
-86.75054094018729
-86.7508403306457
-86.75113882121403
-86.7514364146264
-86.75173311360855
-86.75202892087786
-86.75232383914337
-86.75261787110581
-86.75291101945761
-86.75320328688295
-86.75349467605776
-86.75378518964975
-86.75407483031847
-86.75436360071531
-86.75465150348347
-86.7549385412581
-86.75522471666623
-86.75551003232684
-86.75579449085086
-86.75607809484121
-86.75636084689283
-86.75664274959269
-86.75692380551982
-86.75720401724533
-86.75748338733244
-86.75776191833651
-86.75803961280505
-86.75831647327774
-86.7585925022865
-86.75886770235545
-86.75914207600094
-86.75941562573166
-86.75968835404856
-86.75996026344491
-86.76023135640634
-86.76050163541085
-86.76077110292881
-86.76103976142306
-86.76130761334883
-86.76157466115384
-86.7618409072783
-86.76210635415491
-86.76237100420892
-86.76263485985811
-86.76289792351288
-86.76316019757621
-86.76342168444371
-86.76368238650362
-86.76394230613687
-86.76420144571708
-86.76445980761056
-86.76471739417642
-86.76497420776644
-86.76523025072525
-86.76548552539028
-86.76574003409173
-86.76599377915274
-86.76624676288922
-86.76649898761005
-86.76675045561699
-86.76700116920473
-86.76725113066094
-86.76750034226626
-86.76774880629432
-86.7679965250118
-86.76824350067838
-86.76848973554685
-86.76873523186306
-86.76897999186599
-86.76922401778772
-86.7694673118535
-86.76970987628177
-86.7699517132841
-86.77019282506535
-86.77043321382357
-86.77067288175007
-86.77091183102945
-86.7711500638396
-86.77138758235172
-86.77162438873036
-86.77186048513342
-86.77209587371219
-86.77233055661135
-86.77256453596901
-86.7727978139167
-86.77303039257943
-86.77326227407569
-86.77349346051747
-86.77372395401028
-86.77395375665316
-86.77418287053872
-86.77441129775316
-86.77463904037627
-86.77486610048146
-86.77509248013578
-86.77531818139995
-86.77554320632835
-86.77576755696909
-86.77599123536396
-86.77621424354852
-86.77643658355207
-86.7766582573977
-86.77687926710227
-86.77709961467649
-86.77731930212488
-86.77753833144581
-86.77775670463154
-86.77797442366823
-86.7781914905359
-86.77840790720855
-86.7786236756541
-86.77883879783445
-86.77905327570548
-86.77926711121707
-86.77948030631312
-86.77969286293158
-86.77990478300447
-86.78011606845786
-86.78032672121192
-86.78053674318095
-86.78074613627336
-86.78095490239176
-86.78116304343284
-86.78137056128757
-86.78157745784107
-86.78178373497269
-86.78198939455604
-86.78219443845894
-86.78239886854357
-86.78260268666631
-86.7828058946779
-86.78300849442343
-86.78321048774228
-86.78341187646825
-86.78361266242948
-86.78381284744852
-86.78401243334234
-86.78421142192235
-86.78440981499439
-86.78460761435879
-86.78480482181035
-86.78500143913838
-86.78519746812671
-86.7853929105537
-86.78558776819226
-86.78578204280988
-86.78597573616864
-86.78616885002519
-86.78636138613085
-86.78655334623154
-86.78674473206785
-86.78693554537502
-86.787125787883
-86.78731546131644
-86.7875045673947
-86.78769310783188
-86.78788108433683
-86.78806849861316
-86.78825535235927
-86.78844164726837
-86.78862738502849
-86.78881256732247
-86.788997195828
-86.78918127221768
-86.78936479815893
-86.78954777531409
-86.78973020534043
-86.78991208989012
-86.7900934306103
-86.79027422914305
-86.79045448712543
-86.7906342061895
-86.7908133879623
-86.79099203406592
-86.79117014611748
-86.79134772572914
-86.79152477450813
-86.7917012940568
-86.79187728597253
-86.79205275184788
-86.79222769327049
-86.79240211182317
-86.79257600908387
-86.79274938662574
-86.79292224601711
-86.7930945888215
-86.79326641659765
-86.79343773089954
-86.79360853327641
-86.79377882527274
-86.7939486084283
-86.79411788427814
-86.79428665435263
-86.79445492017747
-86.79462268327367
-86.79478994515762
-86.79495670734103
-86.79512297133104
-86.79528873863015
-86.79545401073628
-86.79561878914276
-86.79578307533839
-86.79594687080738
-86.79611017702942
-86.79627299547967
-86.7964353276288
-86.79659717494297
-86.79675853888388
-86.79691942090874
-86.79707982247031
-86.79723974501694
-86.79739918999252
-86.79755815883655
-86.79771665298412
-86.79787467386596
-86.7980322229084
-86.79818930153344
-86.7983459111587
-86.79850205319752
-86.7986577290589
-86.79881294014753
-86.79896768786381
-86.79912197360387
-86.7992757987596
-86.79942916471859
-86.79958207286424
-86.7997345245757
-86.79988652122792
-86.80003806419165
-86.80018915483348
-86.80033979451578
-86.8004899845968
-86.80063972643062
-86.80078902136721
-86.80093787075242
-86.80108627592797
-86.8012342382315
-86.80138175899657
-86.80152883955267
-86.80167548122523
-86.80182168533564
-86.80196745320126
-86.80211278613541
-86.80225768544744
-86.8024021524427
-86.80254618842251
-86.8026897946843
-86.80283297252147
-86.80297572322353
-86.803118048076
-86.80325994836055
-86.80340142535488
-86.80354248033282
-86.80368311456434
-86.80382332931549
-86.8039631258485
-86.80410250542171
-86.80424146928968
-86.8043800187031
-86.80451815490886
-86.80465587915006
-86.80479319266601
-86.80493009669223
-86.80506659246048
-86.80520268119876
-86.80533836413136
-86.80547364247879
-86.80560851745787
-86.80574299028173
-86.80587706215977
-86.80601073429771
-86.80614400789763
-86.8062768841579
-86.80640936427326
-86.80654144943485
-86.8066731408301
-86.8068044396429
-86.80693534705351
-86.80706586423857
-86.80719599237116
-86.8073257326208
-86.80745508615342
-86.80758405413142
-86.80771263771366
-86.80784083805547
-86.80796865630865
-86.8080960936215
-86.80822315113885
-86.80834983000202
-86.80847613134884
-86.80860205631372
-86.80872760602757
-86.80885278161792
-86.8089775842088
-86.80910201492087
-86.80922607487135
-86.80934976517408
-86.8094730869395
-86.80959604127469
-86.80971862928332
-86.80984085206576
-86.80996271071899
-86.81008420633668
-86.81020534000915
-86.8103261128234
-86.81044652586317
-86.81056658020886
-86.81068627693759
-86.81080561712321
-86.81092460183632
-86.81104323214424
-86.81116150911107
-86.81127943379767
-86.81139700726165
-86.81151423055742
-86.8116311047362
-86.81174763084599
-86.81186380993162
-86.81197964303476
-86.81209513119387
-86.8122102754443
-86.81232507681823
-86.8124395363447
-86.81255365504963
-86.81266743395582
-86.81278087408299
-86.81289397644771
-86.81300674206351
-86.81311917194081
-86.81323126708698
-86.81334302850631
-86.81345445720007
-86.81356555416646
-86.81367632040067
-86.81378675689486
-86.81389686463815
-86.81400664461671
-86.81411609781368
-86.81422522520921
-86.8143340277805
-86.81444250650178
-86.81455066234429
-86.81465849627635
-86.81476600926335
-86.81487320226772
-86.814980076249
-86.81508663216378
-86.81519287096579
-86.81529879360583
-86.81540440103184
-86.81550969418888
-86.81561467401912
-86.81571934146189
-86.81582369745368
-86.81592774292812
-86.81603147881602
-86.81613490604535
-86.81623802554128
-86.81634083822618
-86.81644334501961
-86.81654554683833
-86.81664744459634
-86.81674903920488
-86.8168503315724
-86.8169513226046
-86.81705201320443
-86.81715240427214
-86.8172524967052
-86.81735229139838
-86.81745178924375
-86.81755099113066
-86.81764989794577
-86.81774851057305
-86.8178468298938
-86.81794485678662
-86.8180425921275
-86.81814003678973
-86.81823719164396
-86.81833405755822
-86.8184306353979
-86.81852692602578
-86.81862293030201
-86.81871864908413
-86.8188140832271
-86.81890923358327
-86.81900410100243
-86.8190986863318
-86.819192990416
-86.81928701409711
-86.81938075821469
-86.81947422360571
-86.81956741110463
-86.81966032154337
-86.81975295575135
-86.81984531455548
-86.81993739878014
-86.82002920924724
-86.82012074677618
-86.82021201218392
-86.82030300628489
-86.8203937298911
-86.82048418381208
-86.82057436885493
-86.8206642858243
-86.82075393552236
-86.82084331874893
-86.82093243630136
-86.8210212889746
-86.82110987756121
-86.82119820285132
-86.8212862656327
-86.82137406669071
-86.82146160680836
-86.82154888676627
-86.82163590734271
-86.82172266931362
-86.82180917345254
-86.82189542053071
-86.82198141131704
-86.82206714657809
-86.82215262707813
-86.82223785357907
-86.82232282684058
-86.82240754761999
-86.82249201667237
-86.82257623475049
-86.82266020260482
-86.82274392098363
-86.82282739063285
-86.82291061229621
-86.82299358671519
-86.82307631462898
-86.82315879677459
-86.82324103388679
-86.8233230266981
-86.82340477593888
-86.82348628233723
-86.82356754661909
-86.82364856950818
-86.82372935172604
-86.82380989399205
-86.82389019702339
-86.8239702615351
-86.82405008824003
-86.8241296778489
-86.82420903107028
-86.82428814861059
-86.82436703117413
-86.82444567946308
-86.82452409417748
-86.82460227601524
-86.82468022567222
-86.82475794384214
-86.82483543121663
-86.82491268848521
-86.82498971633538
-86.8250665154525
-86.82514308651992
-86.82521943021887
-86.82529554722855
-86.82537143822613
-86.8254471038867
-86.82552254488336
-86.82559776188712
-86.82567275556701
-86.82574752659004
-86.82582207562116
-86.82589640332338
-86.82597051035766
-86.826044397383
-86.82611806505639
-86.82619151403284
-86.82626474496541
-86.82633775850516
-86.8264105553012
-86.82648313600066
-86.82655550124876
-86.82662765168875
-86.82669958796194
-86.82677131070771
-86.82684282056351
-86.82691411816488
-86.82698520414542
-86.82705607913684
-86.82712674376894
-86.82719719866964
-86.82726744446492
-86.82733748177893
-86.8274073112339
-86.8274769334502
-86.82754634904632
-86.8276155586389
-86.8276845628427
-86.82775336227067
-86.82782195753387
-86.82789034924154
-86.82795853800108
-86.82802652441806
-86.82809430909623
-86.8281618926375
-86.82822927564199
-86.82829645870802
-86.82836344243209
-86.8284302274089
-86.82849681423139
-86.82856320349066
-86.82862939577608
-86.82869539167523
-86.8287611917739
-86.82882679665616
-86.82889220690427
-86.82895742309879
-86.82902244581847
-86.82908727564038
-86.82915191313981
-86.82921635889035
-86.82928061346384
-86.8293446774304
-86.82940855135844
-86.82947223581468
-86.82953573136409
-86.82959903856998
-86.82966215799394
-86.82972509019588
-86.82978783573404
-86.82985039516494
-86.82991276904347
-86.82997495792283
-86.83003696235455
-86.83009878288851
-86.83016042007294
-86.83022187445441
-86.83028314657784
-86.83034423698655
-86.83040514622218
-86.83046587482475
-86.83052642333269
-86.83058679228276
-86.83064698221014
-86.8307069936484
-86.83076682712951
-86.8308264831838
-86.83088596234005
-86.83094526512544
-86.83100439206554
-86.83106334368438
-86.83112212050439
-86.83118072304643
-86.8312391518298
-86.83129740737226
-86.83135549018996
-86.83141340079756
-86.83147113970811
-86.8315287074332
-86.83158610448278
-86.83164333136536
-86.83170038858788
-86.83175727665575
-86.83181399607288
-86.83187054734167
-86.83192693096298
-86.8319831474362
-86.83203919725922
-86.8320950809284
-86.83215079893863
-86.83220635178331
-86.83226173995438
-86.83231696394225
-86.83237202423591
-86.83242692132286
-86.83248165568915
-86.83253622781935
-86.83259063819658
-86.83264488730252
-86.8326989756174
-86.83275290362
-86.83280667178767
-86.83286028059631
-86.83291373052042
-86.83296702203306
-86.83302015560588
-86.83307313170909
-86.8331259508115
-86.83317861338055
-86.83323111988223
-86.83328347078113
-86.83333566654048
-86.8333877076221
-86.8334395944864
-86.83349132759248
-86.833542907398
-86.83359433435925
-86.83364560893118
-86.83369673156736
-86.83374770271999
-86.83379852283993
-86.83384919237668
-86.83389971177839
-86.83395008149186
-86.83400030196259
-86.83405037363468
-86.83410029695095
-86.83415007235286
-86.83419970028055
-86.83424918117286
-86.83429851546731
-86.83434770360009
-86.83439674600609
-86.8344456431189
-86.83449439537081
-86.83454300319282
-86.83459146701462
-86.83463978726462
-86.83468796436996
-86.83473599875649
-86.83478389084875
-86.83483164107008
-86.83487924984249
-86.83492671758674
-86.83497404472233
-86.83502123166753
-86.8350682788393
-86.83511518665341
-86.83516195552436
-86.83520858586539
-86.83525507808852
-86.83530143260454
-86.83534764982299
-86.8353937301522
-86.83543967399929
-86.83548548177012
-86.83553115386937
-86.83557669070048
-86.8356220926657
-86.83566736016608
-86.83571249360145
-86.83575749337045
-86.83580235987054
-86.83584709349797
-86.83589169464781
-86.83593616371395
-86.83598050108911
-86.83602470716481
-86.83606878233141
-86.8361127269781
-86.83615654149291
-86.8362002262627
-86.83624378167318
-86.83628720810889
-86.83633050595324
-86.83637367558849
-86.83641671739574
-86.83645963175495
-86.83650241904496
-86.83654507964347
-86.83658761392704
-86.8366300222711
-86.83667230504996
-86.83671446263683
-86.83675649540379
-86.8367984037218
-86.83684018796072
-86.83688184848928
-86.83692338567514
-86.83696479988483
-86.8370060914838
-86.83704726083641
-86.83708830830594
-86.83712923425455
-86.83717003904333
-86.8372107230323
-86.8372512865804
-86.83729173004548
-86.83733205378435
-86.83737225815273
-86.83741234350526
-86.83745231019557
-86.8374921585762
-86.83753188899863
-86.83757150181329
-86.83761099736958
-86.83765037601584
-86.83768963809939
-86.83772878396647
-86.83776781396233
-86.83780672843115
-86.83784552771611
-86.83788421215935
-86.837922782102
-86.83796123788413
-86.83799957984485
-86.83803780832221
-86.83807592365329
-86.83811392617413
-86.83815181621978
-86.83818959412429
-86.83822726022069
-86.83826481484105
-86.83830225831642
-86.83833959097687
-86.83837681315148
-86.83841392516837
-86.83845092735464
-86.83848782003643
-86.83852460353893
-86.8385612781863
-86.8385978443018
-86.83863430220768
-86.83867065222525
-86.83870689467483
-86.83874302987581
-86.83877905814663
-86.83881497980474
-86.83885079516669
-86.83888650454806
-86.83892210826349
-86.83895760662668
-86.83899299995038
-86.83902828854643
-86.83906347272574
-86.83909855279826
-86.83913352907305
-86.83916840185823
-86.839203171461
-86.83923783818763
-86.8392724023435
-86.83930686423307
-86.83934122415987
-86.83937548242656
-86.83940963933487
-86.83944369518565
-86.83947765027884
-86.83951150491346
-86.83954525938768
-86.83957891399876
-86.83961246904308
-86.83964592481611
-86.83967928161248
-86.8397125397259
-86.83974569944922
-86.83977876107444
-86.83981172489264
-86.83984459119407
-86.83987736026809
-86.83991003240322
-86.83994260788711
-86.83997508700654
-86.84000747004742
-86.84003975729487
-86.8400719490331
-86.84010404554549
-86.84013604711457
-86.84016795402204
-86.84019976654874
-86.8402314849747
-86.84026310957907
-86.84029464064022
-86.84032607843567
-86.84035742324208
-86.84038867533535
-86.84041983499048
-86.84045090248172
-86.84048187808246
-86.84051276206527
-86.84054355470194
-86.84057425626342
-86.84060486701988
-86.84063538724065
-86.84066581719429
-86.84069615714853
-86.84072640737033
-86.84075656812583
-86.84078663968037
-86.84081662229855
-86.84084651624411
-86.84087632178007
-86.84090603916863
-86.8409356686712
-86.84096521054842
-86.84099466506018
-86.84102403246555
-86.84105331302287
-86.84108250698968
-86.84111161462276
-86.84114063617814
-86.84116957191105
-86.841198422076
-86.84122718692673
-86.84125586671621
-86.84128446169666
-86.84131297211955
-86.84134139823563
-86.84136974029484
-86.84139799854643
-86.84142617323889
-86.84145426461995
-86.84148227293664
-86.84151019843523
-86.84153804136125
-86.8415658019595
-86.84159348047409
-86.84162107714835
-86.84164859222491
-86.84167602594567
-86.84170337855183
-86.84173065028384
-86.84175784138144
-86.84178495208367
-86.84181198262887
-86.84183893325462
-86.84186580419785
-86.84189259569476
-86.84191930798083
-86.84194594129086
-86.84197249585894
-86.84199897191847
-86.84202536970216
-86.842051689442
-86.84207793136932
-86.84210409571475
-86.84213018270822
-86.842156192579
-86.84218212555567
-86.84220798186611
-86.84223376173755
-86.84225946539651
-86.84228509306887
-86.84231064497982
-86.84233612135388
-86.8423615224149
-86.84238684838608
-86.84241209948993
-86.84243727594831
-86.84246237798243
-86.84248740581282
-86.84251235965937
-86.8425372397413
-86.8425620462772
-86.84258677948498
-86.84261143958193
-86.84263602678469
-86.84266054130923
-86.8426849833709
-86.8427093531844
-86.84273365096381
-86.84275787692253
-86.84278203127337
-86.8428061142285
-86.84283012599941
-86.84285406679703
-86.84287793683161
-86.84290173631281
-86.84292546544964
-86.8429491244505
-86.84297271352317
-86.8429962328748
-86.84301968271194
-86.84304306324053
-86.84306637466588
-86.84308961719269
-86.84311279102506
-86.84313589636649
-86.84315893341986
-86.84318190238744
-86.84320480347091
-86.84322763687136
-86.84325040278927
-86.84327310142451
-86.84329573297639
-86.84331829764359
-86.84334079562423
-86.84336322711582
-86.84338559231529
-86.84340789141898
-86.84343012462266
-86.8434522921215
-86.84347439411009
-86.84349643078247
-86.84351840233205
-86.84354030895173
-86.84356215083379
-86.84358392816995
-86.84360564115136
-86.8436272899686
-86.84364887481168
-86.84367039587006
-86.84369185333264
-86.84371324738774
-86.8437345782231
-86.84375584602597
-86.84377705098296
-86.84379819328021
-86.84381927310322
-86.843840290637
-86.843861246066
-86.8438821395741
-86.84390297134466
-86.84392374156047
-86.8439444504038
-86.84396509805636
-86.84398568469932
-86.84400621051333
-86.84402667567848
-86.84404708037434
-86.84406742477995
-86.8440877090738
-86.84410793343386
-86.84412809803757
-86.84414820306186
-86.8441682486831
-86.84418823507716
-86.84420816241938
-86.84422803088457
-86.84424784064704
-86.84426759188058
-86.84428728475844
-86.84430691945337
-86.84432649613763
-86.84434601498292
-86.84436547616048
-86.844384879841
-86.84440422619468
-86.84442351539123
-86.84444274759981
-86.84446192298914
-86.84448104172739
-86.84450010398226
-86.84451910992092
-86.84453805971008
-86.84455695351592
-86.84457579150416
-86.84459457383998
-86.84461330068814
-86.84463197221284
-86.84465058857784
-86.84466914994638
-86.84468765648126
-86.84470610834474
-86.84472450569864
-86.84474284870429
-86.84476113752253
-86.84477937231372
-86.84479755323777
-86.84481568045408
-86.84483375412161
-86.84485177439882
-86.84486974144372
-86.84488765541384
-86.84490551646626
-86.84492332475754
-86.84494108044386
-86.84495878368085
-86.84497643462375
-86.84499403342727
-86.84501158024572
-86.84502907523294
-86.84504651854229
-86.84506391032669
-86.84508125073859
-86.84509853993
-86.8451157780525
-86.84513296525719
-86.84515010169473
-86.84516718751533
-86.84518422286877
-86.84520120790435
-86.84521814277097
-86.84523502761706
-86.84525186259062
-86.84526864783919
-86.84528538350992
-86.84530206974947
-86.84531870670409
-86.8453352945196
-86.84535183334138
-86.84536832331439
-86.84538476458313
-86.8454011572917
-86.84541750158377
-86.84543379760255
-86.84545004549088
-86.84546624539112
-86.84548239744527
-86.84549850179484
-86.84551455858096
-86.84553056794435
-86.84554653002529
-86.84556244496365
-86.84557831289888
-86.84559413397002
-86.84560990831572
-86.84562563607419
-86.84564131738323
-86.84565695238022
-86.84567254120219
-86.8456880839857
-86.84570358086694
-86.84571903198169
-86.84573443746531
-86.84574979745277
-86.84576511207865
-86.84578038147713
-86.84579560578196
-86.84581078512653
-86.84582591964383
-86.84584100946643
-86.84585605472653
-86.84587105555593
-86.84588601208604
-86.84590092444789
-86.84591579277209
-86.8459306171889
-86.84594539782817
-86.84596013481939
-86.84597482829163
-86.84598947837361
-86.84600408519364
-86.84601864887968
-86.84603316955928
-86.84604764735963
-86.84606208240753
-86.84607647482942
-86.84609082475136
-86.84610513229903
-86.84611939759775
-86.84613362077245
-86.8461478019477
-86.84616194124769
-86.84617603879626
-86.84619009471689
-86.84620410913266
-86.8462180821663
-86.84623201394018
-86.84624590457632
-86.84625975419635
-86.84627356292157
-86.84628733087288
-86.84630105817087
-86.84631474493571
-86.84632839128729
-86.84634199734509
-86.84635556322826
-86.84636908905557
-86.84638257494548
-86.84639602101606
-86.84640942738505
-86.84642279416984
-86.84643612148747
-86.84644940945462
-86.84646265818765
-86.84647586780254
-86.84648903841496
-86.84650217014023
-86.84651526309331
-86.84652831738883
-86.84654133314109
-86.84655431046404
-86.8465672494713
-86.84658015027615
-86.84659301299152
-86.84660583773002
-86.84661862460393
-86.84663137372519
-86.8466440852054
-86.84665675915583
-86.84666939568746
-86.84668199491088
-86.84669455693641
-86.846707081874
-86.84671956983328
-86.84673202092358
-86.84674443525388
-86.84675681293287
-86.84676915406887
-86.8467814587699
-86.84679372714368
-86.8468059592976
-86.84681815533871
-86.84683031537377
-86.8468424395092
-86.84685452785114
-86.84686658050538
-86.84687859757742
-86.84689057917241
-86.84690252539525
-86.84691443635047
-86.84692631214233
-86.84693815287476
-86.8469499586514
-86.84696172957554
-86.84697346575022
-86.84698516727816
-86.84699683426174
-86.84700846680309
-86.84702006500399
-86.84703162896594
-86.84704315879014
-86.84705465457749
-86.84706611642859
-86.84707754444374
-86.84708893872293
-86.84710029936589
-86.84711162647201
-86.84712292014044
-86.84713418046996
-86.84714540755914
-86.8471566015062
-86.8471677624091
-86.84717889036548
-86.84718998547272
-86.84720104782791
-86.84721207752783
-86.84722307466899
-86.84723403934761
-86.84724497165963
-86.84725587170071
-86.8472667395662
-86.84727757535119
-86.84728837915048
-86.8472991510586
-86.84730989116981
-86.84732059957805
-86.84733127637702
-86.84734192166012
-86.84735253552047
-86.84736311805095
-86.84737366934414
-86.84738418949233
-86.84739467858756
-86.8474051367216
-86.84741556398593
-86.84742596047178
-86.84743632627008
-86.84744666147152
-86.84745696616652
-86.84746724044521
-86.84747748439747
-86.8474876981129
-86.84749788168085
-86.84750803519042
-86.8475181587304
-86.84752825238935
-86.84753831625557
-86.84754835041707
-86.84755835496163
-86.84756832997678
-86.84757827554975
-86.84758819176753
-86.84759807871686
-86.84760793648421
-86.8476177651558
-86.84762756481761
-86.84763733555535
-86.84764707745445
-86.84765679060015
-86.84766647507739
-86.84767613097087
-86.84768575836503
-86.8476953573441
-86.847704927992
-86.84771447039245
-86.84772398462889
-86.84773347078453
-86.84774292894235
-86.84775235918507
-86.84776176159512
-86.84777113625476
-86.84778048324597
-86.8477898026505
-86.84779909454983
-86.84780835902522
-86.8478175961577
-86.84782680602802
-86.84783598871675
-86.84784514430417
-86.84785427287036
-86.84786337449513
-86.84787244925808
-86.84788149723855
-86.84789051851567
-86.84789951316833
-86.84790848127517
-86.8479174229146
-86.84792633816483
-86.84793522710379
-86.84794408980922
-86.8479529263586
-86.84796173682922
-86.8479705212981
-86.84797927984204
-86.84798801253763
-86.84799671946122
-86.84800540068895
-86.84801405629672
-86.8480226863602
-86.84803129095485
-86.8480398701559
-86.84804842403835
-86.84805695267701
-86.84806545614643
-86.84807393452095
-86.8480823878747
-86.84809081628158
-86.8480992198153
-86.84810759854929
-86.84811595255682
-86.84812428191094
-86.84813258668446
-86.84814086694996
-86.84814912277986
-86.84815735424631
-86.84816556142128
-86.84817374437652
-86.84818190318357
-86.84819003791375
-86.84819814863818
-86.84820623542774
-86.84821429835314
-86.84822233748486
-86.84823035289317
-86.84823834464814
-86.84824631281963
-86.8482542574773
-86.84826217869058
-86.84827007652872
-86.84827795106077
-86.84828580235553
-86.84829363048166
-86.84830143550758
-86.84830921750151
-86.84831697653146
-86.84832471266527
-86.84833242597055
-86.84834011651472
-86.848347784365
-86.84835542958842
-86.8483630522518
-86.84837065242175
-86.84837823016471
-86.84838578554691
-86.8483933186344
-86.84840082949299
-86.84840831818835
-86.84841578478593
-86.84842322935098
-86.84843065194858
-86.84843805264359
-86.84844543150069
-86.84845278858438
-86.84846012395894
-86.8484674376885
-86.84847472983697
-86.84848200046808
-86.84848924964537
-86.84849647743219
-86.84850368389172
-86.84851086908694
-86.84851803308062
-86.8485251759354
-86.84853229771367
-86.8485393984777
-86.84854647828952
-86.848553537211
-86.84856057530384
-86.84856759262954
-86.84857458924941
-86.8485815652246
-86.84858852061609
-86.84859545548464
-86.84860236989086
-86.84860926389516
-86.8486161375578
-86.84862299093884
-86.84862982409815
-86.84863663709547
-86.8486434299903
-86.84865020284202
-86.8486569557098
-86.84866368865265
-86.84867040172941
-86.84867709499873
-86.84868376851911
-86.84869042234884
-86.84869705654607
-86.84870367116878
-86.84871026627475
-86.84871684192161
-86.84872339816683
-86.84872993506767
-86.84873645268125
-86.84874295106454
-86.8487494302743
-86.84875589036713
-86.8487623313995
-86.84876875342766
-86.84877515650774
-86.84878154069568
-86.84878790604726
-86.84879425261809
-86.84880058046363
-86.84880688963915
-86.84881318019978
-86.84881945220049
-86.84882570569606
-86.84883194074112
-86.84883815739016
-86.84884435569748
-86.84885053571725
-86.84885669750344
-86.84886284110989
-86.84886896659027
-86.8488750739981
-86.84888116338674
-86.84888723480938
-86.84889328831906
-86.84889932396867
-86.84890534181093
-86.84891134189843
-86.84891732428356
-86.84892328901861
-86.84892923615567
-86.8489351657467
-86.84894107784349
-86.8489469724977
-86.8489528497608
-86.84895870968417
-86.84896455231896
-86.84897037771623
-86.84897618592687
-86.84898197700161
-86.84898775099104
-86.8489935079456
-86.84899924791557
-86.8490049709511
-86.84901067710217
-86.84901636641864
-86.8490220389502
-86.8490276947464
-86.84903333385664
-86.84903895633018
-86.84904456221612
-86.84905015156345
-86.84905572442098
-86.84906128083739
-86.84906682086121
-86.84907234454083
-86.84907785192449
-86.84908334306031
-86.84908881799626
-86.84909427678014
-86.84909971945963
-86.84910514608228
-86.84911055669549
-86.84911595134652
-86.84912133008247
-86.84912669295034
-86.84913203999695
-86.84913737126901
-86.8491426868131
-86.84914798667562
-86.84915327090287
-86.84915853954102
-86.84916379263606
-86.84916903023388
-86.84917425238024
-86.84917945912072
-86.84918465050082
-86.84918982656586
-86.84919498736106
-86.84920013293149
-86.84920526332208
-86.84921037857764
-86.84921547874285
-86.84922056386225
-86.84922563398025
-86.84923068914114
-86.84923572938905
-86.849240754768
-86.8492457653219
-86.84925076109448
-86.84925574212939
-86.84926070847011
-86.84926566016003
-86.84927059724238
-86.84927551976028
-86.84928042775672
-86.84928532127458
-86.84929020035656
-86.8492950650453
-86.84929991538326
-86.84930475141279
-86.84930957317614
-86.84931438071541
-86.84931917407259
-86.84932395328953
-86.84932871840796
-86.84933346946951
-86.84933820651565
-86.84934292958776
-86.84934763872708
-86.84935233397474
-86.84935701537171
-86.8493616829589
-86.84936633677705
-86.84937097686681
-86.8493756032687
-86.8493802160231
-86.84938481517032
-86.8493894007505
-86.84939397280367
-86.84939853136977
-86.8494030764886
-86.84940760819985
-86.8494121265431
-86.84941663155779
-86.84942112328325
-86.84942560175871
-86.84943006702328
-86.84943451911595
-86.84943895807558
-86.84944338394094
-86.84944779675067
-86.84945219654331
-86.84945658335727
-86.84946095723085
-86.84946531820223
-86.84946966630952
-86.84947400159066
-86.84947832408352
-86.84948263382582
-86.84948693085519
-86.84949121520917
-86.84949548692515
-86.84949974604044
-86.8495039925922
-86.84950822661754
-86.8495124481534
-86.84951665723666
-86.84952085390407
-86.84952503819224
-86.84952921013773
-86.84953336977696
-86.84953751714625
-86.8495416522818
-86.84954577521972
-86.84954988599601
-86.84955398464655
-86.84955807120713
-86.84956214571342
-86.849566208201
-86.84957025870534
-86.8495742972618
-86.84957832390563
-86.849582338672
-86.84958634159594
-86.84959033271242
-86.84959431205628
-86.84959827966226
-86.84960223556499
-86.849606179799
-86.84961011239874
-86.84961403339852
-86.84961794283261
-86.8496218407351
-86.84962572714004
-86.84962960208135
-86.84963346559287
-86.84963731770831
-86.84964115846132
-86.84964498788541
-86.84964880601403
-86.84965261288049
-86.84965640851804
-86.84966019295982
-86.84966396623884
-86.84966772838806
-86.84967147944032
-86.84967521942836
-86.84967894838483
-86.8496826663423
-86.84968637333321
-86.84969006938992
-86.84969375454469
-86.8496974288297
-86.84970109227702
-86.84970474491863
-86.8497083867864
-86.84971201791215
-86.84971563832757
-86.84971924806425
-86.84972284715371
-86.84972643562737
-86.84973001351655
-86.84973358085247
-86.8497371376663
-86.84974068398905
-86.84974421985171
-86.84974774528513
-86.84975126032008
-86.84975476498724
-86.84975825931721
-86.8497617433405
-86.8497652170875
-86.84976868058854
-86.84977213387387
-86.84977557697361
-86.84977900991784
-86.8497824327365
-86.84978584545948
-86.84978924811656
-86.84979264073745
-86.84979602335176
-86.84979939598901
-86.84980275867863
-86.84980611145
-86.84980945433236
-86.84981278735489
-86.8498161105467
-86.84981942393678
-86.84982272755406
-86.84982602142736
-86.84982930558544
-86.84983258005698
-86.84983584487054
-86.84983910005462
-86.84984234563764
-86.84984558164793
-86.84984880811372
-86.84985202506319
-86.84985523252439
-86.84985843052534
-86.84986161909396
-86.84986479825805
-86.84986796804537
-86.8498711284836
-86.8498742796003
-86.84987742142299
-86.84988055397909
-86.84988367729594
-86.84988679140079
-86.84988989632083
-86.84989299208316
-86.84989607871479
-86.84989915624267
-86.84990222469365
-86.84990528409452
-86.84990833447198
-86.84991137585264
-86.84991440826306
-86.84991743172971
-86.84992044627896
-86.84992345193712
-86.84992644873043
-86.84992943668504
-86.84993241582704
-86.84993538618242
-86.84993834777711
-86.84994130063694
-86.8499442447877
-86.84994718025507
-86.84995010706469
-86.84995302524207
-86.84995593481271
-86.84995883580198
-86.84996172823521
-86.84996461213765
-86.84996748753446
-86.84997035445072
-86.84997321291146
-86.84997606294164
-86.84997890456611
-86.84998173780969
-86.84998456269709
-86.84998737925297
-86.8499901875019
-86.84999298746841
-86.84999577917692
-86.84999856265179
-86.85000133791732
-86.85000410499772
-86.85000686391714
-86.85000961469967
-86.85001235736931
-86.85001509194998
-86.85001781846556
-86.85002053693984
-86.85002324739654
-86.8500259498593
-86.85002864435172
-86.85003133089732
-86.85003400951953
-86.85003668024173
-86.85003934308723
-86.85004199807926
-86.850044645241
-86.85004728459555
-86.85004991616593
-86.85005253997511
-86.85005515604598
-86.85005776440138
-86.85006036506408
-86.85006295805675
-86.85006554340204
-86.85006812112249
-86.85007069124062
-86.85007325377883
-86.8500758087595
-86.85007835620492
-86.85008089613731
-86.85008342857884
-86.85008595355161
-86.85008847107765
-86.85009098117895
-86.85009348387739
-86.8500959791948
-86.85009846715299
-86.85010094777364
-86.8501034210784
-86.85010588708886
-86.85010834582654
-86.8501107973129
-86.8501132415693
-86.8501156786171
-86.85011810847756
-86.85012053117187
-86.85012294672117
-86.85012535514656
-86.85012775646904
-86.85013015070956
-86.85013253788902
-86.85013491802825
-86.850137291148
-86.85013965726901
-86.85014201641191
-86.85014436859727
-86.85014671384563
-86.85014905217746
-86.85015138361315
-86.85015370817305
-86.85015602587744
-86.85015833674655
-86.85016064080052
-86.85016293805948
-86.85016522854347
-86.85016751227248
-86.85016978926642
-86.85017205954516
-86.85017432312853
-86.85017658003626
-86.85017883028804
-86.85018107390353
-86.85018331090228
-86.85018554130382
-86.8501877651276
-86.85018998239305
-86.85019219311948
-86.8501943973262
-86.85019659503246
-86.8501987862574
-86.85020097102016
-86.85020314933979
-86.85020532123531
-86.85020748672567
-86.85020964582975
-86.85021179856639
-86.85021394495439
-86.85021608501246
-86.85021821875928
-86.85022034621346
-86.85022246739356
-86.8502245823181
-86.85022669100553
-86.85022879347424
-86.85023088974259
-86.85023297982885
-86.85023506375126
-86.85023714152801
-86.85023921317723
-86.850241278717
-86.85024333816531
-86.85024539154016
-86.85024743885945
-86.85024948014106
-86.85025151540277
-86.85025354466237
-86.85025556793754
-86.85025758524594
-86.85025959660517
-86.85026160203279
-86.85026360154627
-86.85026559516308
-86.8502675829006
-86.85026956477618
-86.85027154080711
-86.85027351101063
-86.85027547540392
-86.85027743400413
-86.85027938682835
-86.8502813338936
-86.8502832752169
-86.85028521081514
-86.85028714070525
-86.85028906490405
-86.85029098342832
-86.8502928962948
-86.8502948035202
-86.85029670512114
-86.8502986011142
-86.85030049151594
-86.85030237634284
-86.85030425561136
-86.85030612933788
-86.85030799753876
-86.8503098602303
-86.85031171742872
-86.85031356915026
-86.85031541541106
-86.85031725622723
-86.85031909161482
-86.85032092158986
-86.85032274616829
-86.85032456536604
-86.85032637919898
-86.85032818768293
-86.85032999083369
-86.85033178866696
-86.85033358119846
-86.8503353684438
-86.85033715041857
-86.85033892713832
-86.85034069861857
-86.85034246487474
-86.85034422592227
-86.85034598177651
-86.85034773245279
-86.85034947796636
-86.85035121833246
-86.85035295356627
-86.85035468368294
-86.85035640869755
-86.85035812862515
-86.85035984348075
-86.8503615532793
-86.85036325803573
-86.8503649577649
-86.85036665248164
-86.85036834220074
-86.85037002693693
-86.85037170670492
-86.85037338151936
-86.85037505139486
-86.85037671634599
-86.85037837638727
-86.85038003153318
-86.85038168179815
-86.8503833271966
-86.85038496774287
-86.85038660345127
-86.85038823433607
-86.8503898604115
-86.85039148169174
-86.85039309819095
-86.85039470992321
-86.85039631690259
-86.8503979191431
-86.85039951665874
-86.85040110946342
-86.85040269757104
-86.85040428099548
-86.85040585975052
-86.85040743384995
-86.85040900330749
-86.85041056813684
-86.85041212835164
-86.8504136839655
-86.85041523499201
-86.8504167814447
-86.85041832333702
-86.85041986068246
-86.85042139349443
-86.85042292178628
-86.85042444557135
-86.85042596486294
-86.8504274796743
-86.85042899001863
-86.85043049590912
-86.85043199735891
-86.85043349438108
-86.8504349869887
-86.8504364751948
-86.85043795901234
-86.85043943845427
-86.8504409135335
-86.8504423842629
-86.8504438506553
-86.85044531272348
-86.8504467704802
-86.85044822393819
-86.8504496731101
-86.8504511180086
-86.85045255864628
-86.8504539950357
-86.8504554271894
-86.85045685511987
-86.85045827883957
-86.85045969836091
-86.85046111369627
-86.850462524858
-86.85046393185843
-86.85046533470981
-86.85046673342438
-86.85046812801434
-86.85046951849186
-86.85047090486907
-86.85047228715806
-86.85047366537088
-86.85047503951957
-86.85047640961609
-86.85047777567242
-86.85047913770046
-86.85048049571209
-86.85048184971916
-86.85048319973347
-86.85048454576682
-86.85048588783093
-86.85048722593751
-86.85048856009824
-86.85048989032475
-86.85049121662865
-86.8504925390215
-86.85049385751485
-86.85049517212018
-86.85049648284897
-86.85049778971265
-86.85049909272261
-86.85050039189024
-86.85050168722684
-86.85050297874373
-86.85050426645218
-86.85050555036341
-86.85050683048861
-86.85050810683897
-86.8505093794256
-86.85051064825961
-86.85051191335208
-86.85051317471402
-86.85051443235645
-86.85051568629034
-86.85051693652662
-86.85051818307619
-86.85051942594994
-86.8505206651587
-86.85052190071328
-86.85052313262445
-86.85052436090295
-86.85052558555952
-86.85052680660483
-86.85052802404952
-86.85052923790423
-86.85053044817953
-86.85053165488597
-86.85053285803409
-86.85053405763438
-86.8505352536973
-86.85053644623329
-86.85053763525275
-86.85053882076605
-86.85054000278352
-86.85054118131548
-86.8505423563722
-86.85054352796395
-86.85054469610094
-86.85054586079335
-86.85054702205134
-86.85054817988505
-86.85054933430456
-86.85055048531996
-86.85055163294128
-86.85055277717852
-86.85055391804167
-86.85055505554068
-86.85055618968548
-86.85055732048595
-86.85055844795195
-86.85055957209332
-86.85056069291986
-86.85056181044135
-86.85056292466754
-86.85056403560816
-86.85056514327287
-86.85056624767135
-86.85056734881323
-86.85056844670811
-86.85056954136557
-86.85057063279517
-86.8505717210064
-86.85057280600877
-86.85057388781175
-86.85057496642476
-86.85057604185721
-86.8505771141185
-86.85057818321795
-86.85057924916491
-86.85058031196866
-86.85058137163847
-86.8505824281836
-86.85058348161326
-86.85058453193662
-86.85058557916285
-86.8505866233011
-86.85058766436046
-86.85058870235001
-86.85058973727881
-86.85059076915589
-86.85059179799023
-86.85059282379082
-86.8505938465666
-86.85059486632649
-86.8505958830794
-86.85059689683418
-86.85059790759968
-86.85059891538471
-86.85059992019806
-86.8506009220485
-86.85060192094475
-86.85060291689555
-86.85060390990957
-86.85060489999546
-86.85060588716188
-86.85060687141743
-86.85060785277068
-86.8506088312302
-86.85060980680454
-86.85061077950219
-86.85061174933163
-86.85061271630133
-86.85061368041971
-86.8506146416952
-86.85061560013617
-86.85061655575097
-86.85061750854796
-86.85061845853542
-86.85061940572166
-86.85062035011492
-86.85062129172346
-86.85062223055547
-86.85062316661916
-86.85062409992267
-86.85062503047415
-86.85062595828173
-86.85062688335348
-86.85062780569748
-86.85062872532177
-86.85062964223437
-86.85063055644328
-86.85063146795648
-86.8506323767819
-86.85063328292749
-86.85063418640114
-86.85063508721072
-86.8506359853641
-86.8506368808691
-86.85063777373355
-86.85063866396523
-86.85063955157189
-86.85064043656128
-86.85064131894113
-86.85064219871911
-86.85064307590292
-86.8506439505002
-86.85064482251857
-86.85064569196565
-86.85064655884901
-86.85064742317621
-86.8506482849548
-86.85064914419229
-86.85065000089617
-86.85065085507391
-86.85065170673296
-86.85065255588076
-86.8506534025247
-86.85065424667216
-86.85065508833053
-86.85065592750712
-86.85065676420926
-86.85065759844426
-86.85065843021937
-86.85065925954186
-86.85066008641896
-86.85066091085787
-86.8506617328658
-86.85066255244992
-86.85066336961737
-86.85066418437526
-86.85066499673071
-86.85066580669081
-86.85066661426262
-86.85066741945317
-86.8506682222695
-86.8506690227186
-86.85066982080747
-86.85067061654304
-86.85067140993227
-86.85067220098209
-86.85067298969938
-86.85067377609101
-86.85067456016385
-86.85067534192474
-86.8506761213805
-86.85067689853793
-86.8506776734038
-86.85067844598485
-86.85067921628786
-86.85067998431951
-86.85068075008651
-86.85068151359555
-86.85068227485327
-86.85068303386632
-86.85068379064131
-86.85068454518486
-86.85068529750353
-86.85068604760389
-86.85068679549248
-86.85068754117582
-86.85068828466042
-86.85068902595276
-86.8506897650593
-86.85069050198649
-86.85069123674076
-86.85069196932851
-86.85069269975614
-86.85069342803
-86.85069415415646
-86.85069487814184
-86.85069559999246
-86.85069631971463
-86.8506970373146
-86.85069775279865
-86.850698466173
-86.85069917744389
-86.8506998866175
-86.85070059370004
-86.85070129869766
-86.85070200161651
-86.85070270246273
-86.85070340124241
-86.85070409796167
-86.85070479262657
-86.85070548524317
-86.8507061758175
-86.85070686435562
-86.85070755086349
-86.85070823534713
-86.85070891781248
-86.85070959826552
-86.85071027671218
-86.85071095315836
-86.85071162760995
-86.85071230007286
-86.85071297055293
-86.85071363905604
-86.85071430558799
-86.8507149701546
-86.85071563276166
-86.85071629341496
-86.85071695212027
-86.85071760888331
-86.85071826370982
-86.85071891660552
-86.85071956757608
-86.8507202166272
-86.85072086376452
-86.8507215089937
-86.85072215232036
-86.85072279375011
-86.85072343328854
-86.85072407094123
-86.85072470671375
-86.85072534061163
-86.8507259726404
-86.8507266028056
-86.85072723111269
-86.85072785756715
-86.85072848217446
-86.85072910494006
-86.85072972586939
-86.85073034496784
-86.85073096224083
-86.85073157769374
-86.85073219133193
-86.85073280316077
-86.85073341318557
-86.85073402141165
-86.85073462784435
-86.85073523248892
-86.85073583535065
-86.85073643643479
-86.85073703574659
-86.85073763329127
-86.85073822907405
-86.85073882310012
-86.85073941537465
-86.85074000590281
-86.85074059468975
-86.85074118174062
-86.85074176706051
-86.85074235065456
-86.85074293252782
-86.8507435126854
-86.85074409113234
-86.85074466787368
-86.85074524291447
-86.8507458162597
-86.8507463879144
-86.85074695788353
-86.85074752617206
-86.85074809278495
-86.85074865772715
-86.85074922100358
-86.85074978261916
-86.85075034257878
-86.85075090088732
-86.85075145754965
-86.85075201257062
-86.85075256595508
-86.85075311770785
-86.85075366783374
-86.85075421633755
-86.85075476322406
-86.85075530849805
-86.85075585216427
-86.85075639422746
-86.85075693469234
-86.85075747356363
-86.85075801084602
-86.85075854654421
-86.85075908066287
-86.85075961320663
