0.09175415558668187
0.182847196677761
0.2733520666212595
0.3633269132560967
0.452701029414374
0.5411520884239138
0.6279976191355284
0.7121097879181809
0.7918553727612451
0.8650594862419984
0.9289904078661521
0.980362797544152
1.0153569836864096
1.0296526122435414
1.0184755200093643
0.9766571580072799
0.8987061905557325
0.7788920131776276
0.6113398655739626
0.3901369737502782
0.10944875696757134
-0.23635639134481629
-0.6525758565557839
-1.1440378578622215
-1.7149662218433641
-2.3688488658797073
-3.108314420983348
-3.935021665274097
-4.849566434387151
-5.851410389639783
-6.938835446952096
-8.10892681345395
-9.357586485885522
-10.679577802137555
-12.06860029136762
-13.517392737430715
-15.017861154381444
-16.561227361108696
-18.13819310420451
-19.73911425549095
-21.354179512590544
-22.973588234547993
-24.587722498457573
-26.18730909521931
-27.76356791033215
-29.308343877685573
-30.81422038242298
-32.27461257846589
-33.68383956317332
-35.03717473415728
-36.33087398684969
-37.56218175601036
-38.72931531694355
-39.83142827814199
-40.86855481636365
-41.84153688788348
-42.75193732308775
-43.60194228651317
-44.39425697627231
-45.13199858483512
-45.81859042302451
-46.45766073602098
-47.0529491630912
-47.60822308245171
-48.12720531761213
-48.61351393488602
-49.070614192063076
-49.50178214465008
-49.91007899780401
-50.29833501091892
-50.66914160656686
-51.02485028669278
-51.367576993382855
-51.69921064559775
-52.02142471548112
-52.335690860120366
-52.64329378278225
-52.94534665136109
-53.24280654418673
-53.53648952039867
-53.827085021946
-54.11516940664982
-54.40121848746484
-54.685619013552746
-54.96867907582536
-55.25063745513693
-55.53167195717331
-55.81190679603732
-56.091419100120255
-56.37024462042571
-56.648382724217164
-56.92580075663973
-57.20243785058861
-57.47820826117596
-57.75300429616505
-58.026698908067026
-58.299148007512386
-58.57019255122634
-58.83966045160759
-59.10736834864674
-59.37312327880374
-59.636724269554435
-59.89796388265933
-60.156629723842265
-60.412505931525224
-60.665374652581384
-60.91501750877252
-61.16121705366281
-61.40375821637979
-61.64242972565564
-61.87702550515489
-62.10734602919953
-62.33319962665261
-62.55440371992113
-62.77078598578074
-62.98218542498758
-63.18845332839499
-63.38945412848691
-63.58506612681905
-63.77518208975501
-63.9597097070212
-64.13857190990146
-64.31170704826681
-64.4790689280062
-64.64062671271422
-64.79636469563137
-64.94628194976248
-65.09039186577067
-65.22872158862216
-65.36131136501969
-65.48821381439862
-65.60949313667436
-65.72522427003446
-65.83549201188842
-65.9403901156514
-66.04002037538174
-66.13449170945424
-66.22391925347226
-66.30842347154199
-66.38812929388905
-66.46316528762743
-66.53366286632317
-66.59975554285923
-66.66157822902454
-66.71926658423715
-66.77295641488243
-66.82278312491083
-66.86888121759998
-66.91138384774645
-66.95042242300961
-66.98612625268262
-67.01862224180634
-67.0480346282658
-67.07448476030757
-67.09809091178178
-67.11896813233753
-67.13722812977569
-67.15297918178194
-67.16632607431706
-67.1773700640251
-67.18620886212624
-67.19293663738445
-67.19764403587614
-67.20041821543003
-67.20134289275693
-67.20049840143828
-67.19796175909161
-67.19380674217658
-67.1881039670473
-67.1809209759918
-67.17232232712836
-67.16236968714982
-67.15112192602074
-67.13863521283758
-67.12496311216043
-67.11015668021382
-67.09426456043703
-67.07733307793856
-67.05940633247754
-67.0405262896554
-67.02073287005665
-67.00006403612552
-66.97855587660989
-66.95624268844125
-66.93315705595438
-66.90932992737922
-66.88479068856388
-66.85956723390991
-66.83368603452
-66.80717220357502
-66.78004955897114
-66.7523406832591
-66.72406698093789
-66.69524873316237
-66.66590514993122
-66.63605441982595
-66.60571375737597
-66.57489944812689
-66.54362689149127
-66.51191064146194
-66.479764445268
-66.44720128005392
-66.41423338766067
-66.38087230758721
-66.34712890820863
-66.31301341632602
-66.27853544512043
-66.24370402058172
-66.20852760648026
-66.17301412794737
-66.13717099372757
-66.10100511716337
-66.06452293597074
-66.02773043086063
-65.99063314305955
-65.95323619077963
-65.91554428468596
-65.87756174240666
-65.83929250212873
-65.80074013532037
-65.76190785861792
-65.72279854491387
-65.68341473367974
-65.64375864055563
-65.60383216623646
-65.56363690468262
-65.52317415068119
-65.48244490678152
-65.44144988962793
-65.40018953570973
-65.35866400654777
-65.31687319333474
-65.27481672104497
-65.2324939520278
-65.18990398909744
-65.14704567813047
-65.1039176101807
-65.06051812312003
-65.01684530281216
-64.972896983825
-64.92867074968612
-64.8841639326842
-64.83937361321833
-64.79429661869545
-64.74892952197519
-64.70326863935958
-64.65731002812448
-64.61104948358737
-64.56448253570545
-64.51760444519633
-64.47041019917194
-64.42289450627526
-64.37505179130753
-64.3268761893322
-64.2783615392402
-64.22950137675944
-64.18028892688957
-64.13071709574108
-64.08077846175611
-64.03046526628601
-63.97976940349858
-63.92868240958545
-63.877195451238016
-63.82529931335715
-63.77298438595952
-63.72024065024026
-63.66705766374856
-63.61342454462936
-63.55932995488067
-63.50476208257219
-63.449708622966845
-63.39415675848204
-63.33809313742308
-63.281503851415586
-63.22437441145849
-63.166689722512935
-63.10843405653608
-63.0495910238617
-62.99014354282185
-62.93007380749582
-62.86936325346355
-62.807992521431004
-62.745941418584906
-62.683188877522376
-62.61971291258916
-62.55549057344643
-62.49049789567185
-62.42470984818447
-62.35810027726597
-62.29064184693183
-62.22230597538553
-62.15306276726642
-62.08288094137738
-62.01172775355176
-61.93956891428953
-61.86636850076075
-61.79208886273914
-61.716690521990024
-61.640132064594624
-61.56237002564626
-61.48335876570285
-61.40305033832404
-61.32139434795945
-61.238337797386464
-61.153824923820984
-61.06779702274171
-60.980192258377244
-60.89094545970446
-60.799987900694795
-60.70724706342193
-60.61264638250773
-60.51610496923177
-60.41753731346236
-60.316852961380675
-60.21395616676328
-60.10874551335909
-60.00111350564188
-59.8909461249365
-59.77812234760172
-59.66251362160258
-59.543983297414556
-59.422386008768235
-59.29756699825917
-59.16936138230952
-59.037593349368386
-58.90207528457038
-58.76260681332905
-58.61897375551574
-58.47094698095606
-58.318281155956825
-58.16071336944626
-57.99796162605949
-57.82972319212095
-57.65567277895558
-57.4754605462941
-57.28870990671891
-57.0950151101236
-56.893938585034725
-56.68500801137966
-56.4677130969018
-56.24150202696202
-56.00577755498264
-55.75989269837734
-55.503146002597944
-55.23477633410318
-54.953957161874676
-54.6597902869316
-54.351298980617926
-54.02742049591838
-53.68699792259289
-53.328771367689846
-52.95136845957398
-52.55329419803968
-52.132920208045796
-51.68847350354037
-51.21802493511882
-50.71947758636885
-50.190555505482266
-49.62879331925179
-49.03152748554261
-48.395890208588334
-47.71880738054392
-46.997002333711364
-46.22700769934665
-45.40518827382076
-44.527778483259524
-43.59093878780051
-42.59083612271274
-41.523754141979346
-40.38623946151401
-39.175290073843264
-37.888591318731386
-36.52480284891734
-35.083896453436004
-33.567538893565995
-31.979505661649124
-30.326100695879163
-28.616544127684275
-26.863276714628295
-25.08211871965309
-23.29221697001868
-21.515721548447388
-19.77715677452598
-18.10249014877859
-16.517952773140582
-15.048714973842703
-13.717557943619859
-12.543694290675182
-11.541872026571328
-10.721851483944898
-10.088284664940584
-9.64096686958717
-9.375384486210768
-9.283457984569484
-9.354375935131797
-9.575429454042554
-9.932779574133844
-10.412115661093846
-10.999186032794471
-11.68019968189918
-12.442109758222347
-13.272795869448045
-14.16116455791531
-15.097186864406412
-16.07188986926146
-17.077316381256495
-18.1064641024839
-19.15321296610008
-20.212247081191435
-21.278975870424453
-22.34945753250765
-23.420326852682848
-24.488728560123697
-25.552256832330087
-26.60890112151756
-27.656998183800567
-28.69518999484126
-29.72238710973536
-30.737736950976355
-31.740596472293966
-32.73050863780672
-33.70718216786484
-34.67047402971506
-35.620374188473924
-36.55699217841086
-37.48054510324533
-38.391346724392584
-39.28979734544236
-40.17637424749905
-41.05162247157503
-41.916145779668994
-42.770597654634386
-43.61567222014826
-44.45209497627077
-45.28061325400253
-46.10198629513275
-46.916974863164896
-47.72633028919772
-48.5307828556153
-49.331029422850875
-50.12772021311832
-50.921444682839756
-51.712716445674666
-52.501957253762384
-53.28948010908062
-54.07547166232702
-54.85997416520227
-55.64286737367648
-56.423850952734234
-57.20242810198168
-57.97789129693071
-58.7493112082766
-59.51553000107617
-60.275160302198316
-61.02659112871031
-61.76800196198007
-62.497385905811456
-63.212582465111986
-63.91131992411908
-64.59126661258735
-65.25008957387357
-65.88551836628008
-66.49541103414494
-67.07781878113354
-67.63104565766739
-68.15369970016373
-68.64473244817336
-69.10346457823258
-69.52959643995014
-69.9232034326045
-70.28471727676538
-70.61489518383082
-70.91477960910045
-71.18565164056936
-71.42898112550928
-71.64637641224242
-71.83953615598506
-72.0102050879426
-72.16013505576245
-72.29105207711638
-72.40462965340532
-72.50246819393234
-72.58608011113216
-72.65687995984275
-72.71617889471378
-72.76518269189579
-72.80499260543809
-72.83660838801337
-72.86093288502514
-72.87877769935699
-72.89086951264198
-72.8978567323843
-72.90031620923504
-72.89875983360565
-72.89364087521695
-72.88535997355781
-72.87427072247213
-72.86068481935499
-72.84487676993867
-72.82708815457215
-72.80753147232858
-72.78639358616898
-72.76383879655974
-72.74001157305938
-72.71503897400564
-72.68903278398017
-72.66209139754682
-72.63430147610912
-72.6057394028096
-72.5764725583415
-72.54656043846468
-72.51605563198486
-72.48500467601374
-72.45344880350976
-72.42142459641799
-72.38896455619245
-72.35609760209289
-72.3228495063977
-72.2892432745566
-72.25529947731266
-72.22103654094279
-72.18647100098839
-72.15161772416415
-72.11649010253232
-72.08110022350384
-72.04545901876754
-72.0095763948471
-71.9734613476346
-71.93712206294454
-71.90056600486632
-71.8637999934615
-71.82683027315169
-71.78966257296747
-71.75230215967734
-71.71475388468338
-71.67702222545586
-71.63911132217953
-71.6010250101976
-71.56276684876451
-71.52434014655329
-71.48574798430643
-71.44699323497017
-71.40807858160886
-71.36900653335928
-71.3297794396518
-71.29039950289753
-71.25086878981571
-71.2111892415543
-71.17136268273798
-71.13139082956171
-71.09127529703332
-71.05101760545675
-71.01061918623626
-70.9700813870727
-70.92940547661458
-70.88859264861918
-70.84764402567303
-70.80656066251491
-70.76534354900014
-70.72399361274026
-70.68251172144848
-70.64089868501804
-70.59915525735745
-70.5572821380042
-70.51527997353597
-70.47314935879669
-70.43089083795242
-70.38850490539103
-70.34599200647776
-70.30335253817768
-70.26058684955497
-70.21769524215763
-70.17467797029572
-70.13153524122005
-70.08826721520782
-70.04487400556066
-70.00135567852035
-69.95771225310662
-69.91394370088103
-69.87004994564069
-69.82603086304462
-69.781886280176
-69.73761597504225
-69.6932196760155
-69.64869706121489
-69.60404775783242
-69.55927134140364
-69.51436733502412
-69.46933520851245
-69.42417437752061
-69.37888420259172
-69.33346398816559
-69.28791298153202
-69.2422303717316
-69.19641528840354
-69.15046680058029
-69.10438391542775
-69.0581655769306
-69.01181066452153
-68.96531799165297
-68.91868630431017
-68.87191427946402
-68.82500052346164
-68.77794357035313
-68.73074188015221
-68.68339383702852
-68.63589774742914
-68.58825183812668
-68.54045425419109
-68.49250305688217
-68.44439622145948
-68.39613163490631
-68.34770709356376
-68.29912030067132
-68.25036886380951
-68.20145029224021
-68.15236199414002
-68.10310127372162
-68.05366532823776
-68.00405124486232
-67.95425599744249
-67.90427644311568
-67.8541093187846
-67.80375123744322
-67.7531986843464
-67.70244801301486
-67.65149544106744
-67.60033704587151
-67.54896876000205
-67.49738636649953
-67.44558549391583
-67.39356161113697
-67.34131002197077
-67.28882585948654
-67.23610408009367
-67.18313945734451
-67.12992657544658
-67.07645982246784
-67.02273338321805
-66.9687412317878
-66.91447712372599
-66.85993458783506
-66.80510691756209
-66.74998716196228
-66.69456811621001
-66.63884231163084
-66.58280200522621
-66.5264391686606
-66.46974547667885
-66.41271229491925
-66.35533066708555
-66.29759130143867
-66.23948455656573
-66.18100042638163
-66.12212852431487
-66.06285806662582
-66.00317785480208
-65.94307625697157
-65.88254118826953
-65.82156009009086
-65.76011990815431
-65.69820706929931
-65.6358074569304
-65.57290638501742
-65.50948857055317
-65.44553810436163
-65.38103842014233
-65.31597226162698
-65.25032164771451
-65.18406783544008
-65.11719128062155
-65.04967159601455
-64.98148750679248
-64.91261680315333
-64.8430362898375
-64.7727217323231
-64.70164779944464
-64.62978800215909
-64.55711462815886
-64.48359867200475
-64.40920976042237
-64.33391607237333
-64.25768425347695
-64.1804793243189
-64.10226458213984
-64.02300149534949
-63.94264959025824
-63.86116632936019
-63.77850698043634
-63.69462447567478
-63.609469259924545
-63.522989127111224
-63.43512904374321
-63.34583095832742
-63.25503359539052
-63.16267223266445
-63.068678459841664
-62.972979917134346
-62.87550001167922
-62.77615760961461
-62.67486670141411
-62.571536037789535
-62.46606873316945
-62.358361833414875
-62.24830584404439
-62.13578421480122
-62.02067277589761
-61.90283912070838
-61.78214192904699
-61.65843022443219
-61.53154255792876
-61.40130611020766
-61.26753570240106
-61.130032705107496
-60.98858383350794
-60.8429598149587
-60.692913913600535
-60.538180294429694
-60.3784722068734
-60.2134799651521
-60.04286869953704
-59.86627584895966
-59.683308361225045
-59.49353956223767
-59.296505650067246
-59.09170176325165
-58.87857756532639
-58.656532279042544
-58.42490909393004
-58.18298885960797
-57.929982964357016
-57.66502528376504
-57.38716306755858
-57.095346613892666
-56.7884175592984
-56.46509558920068
-56.12396334861296
-55.76344930577665
-55.38180829406908
-54.97709943106777
-54.5471610908596
-54.08958259065842
-53.60167225188101
-53.08042151854654
-52.522464876262774
-51.92403543360437
-51.28091623372999
-50.58838769914151
-49.84117213430265
-49.033376998183876
-48.15843981659138
-47.20907926775258
-46.17725931138314
-45.054176435332025
-43.830284367043724
-42.495376107759924
-41.03874994825281
-39.44949400659712
-37.71693207006685
-35.83128048312366
-33.7845683119433
-31.571865465352136
-29.192837201451955
-26.653587157622965
-23.96865423085508
-21.162890654698877
-18.27279281772792
-15.34674230465461
-12.443632570727713
-9.62958867656269
-6.972940535206365
-4.538162816297152
-2.3799186501132445
-0.5384196420344953
0.9630266270297845
2.1180272213472464
2.9350430744565172
3.434026222721807
3.642610667907037
3.5925492794320544
3.316812048461578
2.8474932195010267
2.214484189786394
1.4447689113630764
0.5621699898334628
-0.4126116962347387
-1.4617876871719981
-2.5701905870147947
-3.7249572215367417
-4.915219481162308
-6.131820013152995
-7.3670598233869375
-8.614478973202898
-9.868668474651656
-11.125110123133322
-12.380040624198397
-13.630336501661361
-14.87341663557258
-16.107159713067407
-17.32983430122547
-18.540039632147714
-19.736655514401193
-20.918800052139648
-22.085794069441565
-23.237131310377826
-24.372453622677554
-25.49153044148315
-26.594241975479303
-27.680565565621126
-28.75056474095532
-29.804380540150486
-30.84222470430021
-31.86437437880848
-32.871167991702805
-33.8630020040435
-34.840328256193054
-35.80365166204443
-36.753528031848305
-37.690561832550756
-38.61540372173
-39.528747716254465
-40.431327878550654
-41.32391442081727
-42.207309139817994
-43.08234010152924
-43.94985549583442
-44.8107165770507
-45.665789597272855
-46.51593662778965
-47.36200515119558
-48.204816295893494
-49.04515157868343
-49.88373802393547
-50.721231544000936
-51.558198500241026
-52.39509542311472
-53.23224695924163
-54.06982223913243
-54.90781002627255
-55.745993219196805
-56.58392353203963
-57.4208974688674
-58.25593501780432
-59.0877627970568
-59.91480364897225
-60.73517485080142
-61.54669713300118
-62.34691650555349
-63.13314043477201
-63.90248915357519
-64.65196183092566
-65.37851602706488
-66.07915743667847
-66.75103554493009
-67.39153970050901
-67.99838945527266
-68.56971299671126
-69.10410818324904
-69.6006820410337
-70.05906643107639
-70.47940969071243
-70.86234609533794
-71.20894669793694
-71.52065628291113
-71.79922172254504
-72.04661696605282
-72.264969329955
-72.45649085588163
-72.62341743346842
-72.76795730901006
-72.89224963327115
-72.9983329164309
-73.08812268358045
-73.16339725587908
-73.22579039381918
-73.27678949245214
-73.31773807386756
-73.34984144295893
-73.37417452814839
-73.39169109624959
-73.40323369404658
-73.40954381849942
-73.41127194749822
-73.40898717191348
-73.40318625772886
-73.39430203604563
-73.38271107115801
-73.36874059538592
-73.35267472652389
-73.33476000199647
-73.31521027516305
-73.29421102541556
-73.27192313616291
-73.24848619460906
-73.22402136526625
-73.19863388605378
-73.17241523209589
-73.14544498829815
-73.11779246769258
-73.08951810856067
-73.06067467957686
-73.03130831872132
-73.00145942852254
-72.97116344731516
-72.94045151363021
-72.90935103855976
-72.87788619893459
-72.8460783623983
-72.81394645393164
-72.7815072720502
-72.74877576174728
-72.71576525025739
-72.68248765085762
-72.64895363918424
-72.61517280590628
-72.58115378905191
-72.54690438881445
-72.51243166726344
-72.47774203504127
-72.44284132683126
-72.40773486712989
-72.37242752763967
-72.33692377741347
-72.30122772672254
-72.26534316548427
-72.22927359696916
-72.19302226740672
-72.15659219202406
-72.1199861779779
-72.08320684457733
-72.04625664114062
-72.00913786278313
-71.97185266439315
-71.93440307301817
-71.89679099885475
-71.85901824500954
-71.82108651617698
-71.78299742636054
-71.74475250574784
-71.70635320683593
-71.66780090989083
-71.62909692781503
-71.59024251048709
-71.55123884863012
-71.51208707725853
-71.47278827874678
-71.43334348555854
-71.39375368267014
-71.35401980971822
-71.31414276289817
-71.27412339663664
-71.23396252505917
-71.19366092327125
-71.15321932846939
-71.11263844089676
-71.07191892465663
-71.0310614083952
-70.99006648586429
-70.94893471637323
-70.90766662513848
-70.8662627035383
-70.8247234092794
-70.78304916648152
-70.74124036568546
-70.69929736378938
-70.65722048391791
-70.6150100152278
-70.57266621265381
-70.53018929659807
-70.48757945256538
-70.44483683074756
-70.40196154555841
-70.35895367512191
-70.3158132607149
-70.27254030616612
-70.22913477721264
-70.18559660081505
-70.1419256644322
-70.09812181525635
-70.05418485940932
-70.01011456110004
-69.96591064174397
-69.92157277904451
-69.8771006060363
-69.8324937100906
-69.78775163188237
-69.74287386431875
-69.6978598514285
-69.65270898721185
-69.6074206144501
-69.56199402347409
-69.51642845089063
-69.47072307826603
-69.42487703076529
-69.37888937574586
-69.33275912130456
-69.28648521477609
-69.24006654118146
-69.19350192162466
-69.14679011163554
-69.0999297994569
-69.0529196042736
-69.00575807438133
-68.95844368529255
-68.91097483777686
-68.86334985583315
-68.81556698459026
-68.7676243881333
-68.7195201472519
-68.67125225710704
-68.62281862481265
-68.57421706692783
-68.52544530685559
-68.4765009721435
-68.42738159168167
-68.37808459279276
-68.32860729820902
-68.27894692293044
-68.2291005709583
-68.17906523189767
-68.12883777742233
-68.07841495759497
-68.02779339703525
-67.97696959092792
-67.92593990086253
-67.87470055049599
-67.8232476210286
-67.77157704648366
-67.71968460878004
-67.66756593258687
-67.61521647994815
-67.56263154466512
-67.50980624642295
-67.45673552464761
-67.40341413207807
-67.34983662803782
-67.29599737138898
-67.24189051315078
-67.18750998876357
-67.13284950997783
-67.07790255634671
-67.02266236629892
-66.96712192776744
-66.91127396834796
-66.8551109449591
-66.79862503297448
-66.74180811479516
-66.6846517678281
-66.62714725183469
-66.56928549561032
-66.51105708295363
-66.4524522378809
-66.39346080903809
-66.33407225325944
-66.27427561821813
-66.21405952411024
-66.15341214430907
-66.09232118492237
-66.03077386317966
-65.96875688457175
-65.90625641865815
-65.84325807345219
-65.7797468682862
-65.71570720505163
-65.65112283770102
-65.58597683988918
-65.52025157062155
-65.45392863776686
-65.38698885927963
-65.31941222196508
-65.25117783760543
-65.18226389625094
-65.1126476164629
-65.04230519227679
-64.9712117366347
-64.89934122101332
-64.82666641095007
-64.75315879714358
-64.67878852177513
-64.60352429966585
-64.52733333384894
-64.45018122509728
-64.37203187490321
-64.29284738136032
-64.2125879273434
-64.13121166032532
-64.04867456310367
-63.96493031463932
-63.87993014012794
-63.793622649337856
-63.70595366214773
-63.61686602010796
-63.52629938272641
-63.43419000704151
-63.34047050889252
-63.2450696041241
-63.1479118277697
-63.04891722904172
-62.948001039712864
-62.84507331319927
-62.74003853134765
-62.632795175580426
-62.52323525865989
-62.41124381288773
-62.296698330052955
-62.179468147870125
-62.059413777001794
-61.936386162021805
-61.81022586883719
-61.680762190129556
-61.54781215928497
-61.4111794620329
-61.27065323358584
-61.126006727433825
-60.97699584006828
-60.82335747375051
-60.664807716955785
-60.50103981926239
-60.331721934156356
-60.15649459941437
-59.97496792032893
-59.786718415954255
-59.59128548266885
-59.388167422542644
-59.176816976116804
-58.95663629008528
-58.7269712398191
-58.48710501448624
-58.236250858458526
-57.97354384651343
-57.69803155177416
-57.4086634441351
-57.1042788328716
-56.783593140086516
-56.44518226159292
-56.08746473899988
-55.708681431773456
-55.3068723421166
-54.879850210827236
-54.42517047246997
-53.940097139001985
-53.421564181378336
-52.8661320122176
-52.269938759622654
-51.62864619253473
-50.93738045470142
-50.19066824893269
-49.382369871817616
-48.505611649279224
-47.55272202228326
-46.515177981643596
-45.383571998161585
-44.14761431885262
-42.79619177711511
-41.31751228526171
-39.69937389299241
-37.92960813455376
-35.99675776672733
-33.891055511829975
-31.60576664562664
-29.13893348926785
-26.49549885723527
-23.689672186417113
-20.747230632271545
-17.707242158753058
-14.622532809331826
-11.5582176802988
-8.587893604362508
-5.787671769738273
-3.2289509945567683
-0.9713828104414151
0.9424447909066955
2.4895597315366844
3.6661745799860723
4.48484515407036
4.970249206624081
5.15465178564043
5.073857159954777
4.764071515451197
4.259771624557714
3.592463506356333
2.790122039733549
1.8770929979624942
0.8742734533165681
-0.20056481235748747
-1.3323983538235067
-2.5085749165389015
-3.718464178945575
-4.953148357065292
-6.205155266217622
-7.4682315348762565
-8.737151516595357
-10.007556854611664
-11.275821860612876
-12.538940423745368
-13.79443082018824
-15.040255423516712
-16.274752868840434
-17.496580684680026
-18.704666779591022
-19.898168467056337
-21.076437945402144
-22.2389933319029
-23.38549449248364
-24.515723019190442
-25.62956579381649
-26.727001643253978
-27.80809064471888
-28.872965680584677
-29.921825876173507
-30.9549315820146
-31.972600586888813
-32.97520527111821
-33.96317043227733
-34.936971538588644
-35.89713318903523
-36.844227583540345
-37.778872830880765
-38.70173094545425
-39.61350540554715
-40.514938164219885
-41.40680601830338
-42.289916250453665
-43.165101463252796
-44.03321352290389
-44.89511652356174
-45.75167867271405
-46.60376298478589
-47.45221665637736
-48.2978589849855
-49.14146768710603
-49.98376347538489
-50.825392772879965
-51.66690848112997
-52.50874878386876
-53.3512140664606
-54.19444216884472
-55.03838237222036
-55.882768749657096
-56.7270937867375
-57.57058349205686
-58.41217555153938
-59.250502406054444
-60.083881406454275
-60.91031436859435
-61.72749884803075
-62.53285321236226
-63.32355705069873
-64.09660759249638
-64.8488916240288
-65.57727096170737
-66.27867800576614
-66.95021645339988
-67.589261129204
-68.19355031624366
-68.76126410702993
-69.29108319717665
-69.78222413898295
-70.23444915182175
-70.64805085384003
-71.02381440872898
-71.36296128529406
-71.66707991424327
-71.93804892680905
-72.1779584232669
-72.38903398520321
-72.5735670990496
-72.7338544891451
-72.87214772664316
-72.99061349920879
-73.0913041580019
-73.17613762069968
-73.24688538728903
-73.30516728432794
-73.3524515502427
-73.39005896594708
-73.4191698838145
-73.44083318365008
-73.4559763647828
-73.4654161541154
-73.46986916237535
-73.46996225091917
-73.46624237844824
-73.45918578211123
-73.44920641304809
-73.43666359532286
-73.42186891232959
-73.4050923488926
-73.38656773286432
-73.36649752912952
-73.34505704326416
-73.32239809303883
-73.29865220456817
-73.2739333870041
-73.24834053585856
-73.2219595107622
-73.19486492903133
-73.1671217120384
-73.13878641720153
-73.10990838450768
-73.08053072290936
-73.05069115870101
-73.02042276508845
-72.98975458959828
-72.95871219371341
-72.92731811714107
-72.89559227739248
-72.8635523138551
-72.83121388423979
-72.79859092016534
-72.76569584767736
-72.73253977766862
-72.69913267045553
-72.6654834781541
-72.63160026797536
-72.59749032911175
-72.56316026550275
-72.52861607643962
-72.49386322668893
-72.45890670757453
-72.42375109025258
-72.38840057223923
-72.35285901810019
-72.31712999508365
-72.28121680436807
-72.2451225085027
-72.20884995553804
-72.1724018002749
-72.13578052300161
-72.09898844603838
-72.06202774836426
-72.02490047856531
-71.98760856631004
-71.95015383253114
-71.91253799846864
-71.87476269370919
-71.83682946333892
-71.79873977431177
-71.7604950211225
-71.72209653086189
-71.6835455677225
-71.64484333701412
-71.60599098874133
-71.56698962078895
-71.52784028175581
-71.48854397347213
-71.44910165323206
-71.40951423576897
-71.36978259499796
-71.32990756554747
-71.28988994409902
-71.24973049055237
-71.20942992903139
-71.16898894874409
-71.12840820470906
-71.08768831835918
-71.04682987803224
-71.00583343935715
-70.96469952554368
-70.92342862758262
-70.88202120436264
-70.8404776827095
-70.79879845735282
-70.7569838908247
-70.71503431329464
-70.67295002234407
-70.63073128268412
-70.58837832581932
-70.54589134966004
-70.50327051808598
-70.46051596046281
-70.41762777111373
-70.37460600874765
-70.33145069584548
-70.2881618180056
-70.24473932324966
-70.20118312128947
-70.15749308275596
-70.11366903839041
-70.0697107781987
-70.02561805056861
-69.98139056135058
-69.93702797290166
-69.89252990309285
-69.84789592427941
-69.80312556223386
-69.75821829504126
-69.71317355195626
-69.66799071222104
-69.62266910384356
-69.57720800233518
-69.53160662940654
-69.48586415162065
-69.439979679002
-69.39395226360023
-69.34778089800687
-69.30146451382372
-69.25500198008086
-69.20839210160275
-69.16163361732016
-69.11472519852597
-69.06766544707247
-69.02045289350778
-68.97308599514884
-68.92556313408815
-68.87788261513148
-68.83004266366324
-68.78204142343648
-68.73387695428406
-68.68554722974697
-68.63705013461643
-68.5883834623852
-68.53954491260409
-68.49053208813893
-68.44134249232313
-68.39197352600068
-68.34242248445426
-68.29268655421268
-68.24276280973143
-68.19264820994019
-68.14233959465018
-68.09183368081449
-68.0411270586335
-67.99021618749757
-67.93909739175821
-67.88776685631912
-67.83622062203703
-67.78445458092266
-67.73246447113077
-67.68024587172819
-67.62779419722747
-67.57510469187362
-67.5221724236702
-67.46899227813044
-67.415558951738
-67.36186694510123
-67.30791055578342
-67.25368387079101
-67.1991807586998
-67.14439486139872
-67.08931958542877
-67.03394809289361
-66.97827329191666
-66.92228782661792
-66.86598406658182
-66.80935409578571
-66.75238970095623
-66.69508235931895
-66.63742322570386
-66.57940311896705
-66.52101250768592
-66.4622414950824
-66.40307980312522
-66.3435167557591
-66.28354126120445
-66.22314179326766
-66.16230637159708
-66.10102254081534
-66.03927734845333
-65.97705732160556
-65.91434844222037
-65.85113612093205
-65.78740516933449
-65.72313977058812
-65.65832344824366
-65.5929390331564
-65.52696862835501
-65.46039357171757
-65.39319439629563
-65.32535078811354
-65.25684154125649
-65.18764451004427
-65.1177365580708
-65.04709350387083
-64.97569006295363
-64.90349978592172
-64.83049499236678
-64.75664670020788
-64.68192455010667
-64.60629672456074
-64.52972986123963
-64.45218896008744
-64.37363728367075
-64.29403625020129
-64.21334531860781
-64.13152186497031
-64.04852104956291
-63.964295673676034
-63.87879602530563
-63.79196971270418
-63.70376148468509
-63.61411303645667
-63.52296279963343
-63.43024571492844
-63.33589298586977
-63.23983181170367
-63.141985097444895
-63.042271138807514
-62.94060327949409
-62.8368895380337
-62.73103220103497
-62.62292737935449
-62.512464523267454
-62.39952589225923
-62.283985974526445
-62.165710850674124
-62.0445574954117
-61.920373010272755
-61.79299377949676
-61.66224454019997
-61.52793735680708
-61.38987048839366
-61.24782713607556
-61.10157405584464
-60.95086002025632
-60.79541411008067
-60.63494381438867
-60.469132914502
-60.29763912372278
-60.1200914507038
-59.93608724963042
-59.74518891496082
-59.546920172191214
-59.340761908841166
-59.12614748143259
-58.90245742448533
-58.66901347626967
-58.42507182301582
-58.16981544823512
-57.90234545649479
-57.621671221137916
-57.32669918279639
-57.01622009989272
-56.68889452354296
-56.343236237401506
-55.97759336835562
-55.59012683737002
-55.17878578270883
-54.741279552847395
-54.275045837938436
-53.77721449354037
-53.244566618986724
-52.67348850121298
-52.05992014677612
-51.39929833494181
-50.68649448319373
-49.915748194457436
-49.08059825175083
-48.17381417559991
-47.18733344035764
-46.112212283440556
-44.93860200722109
-43.65576806294199
-42.25217629022342
-40.71567960408462
-39.0338489820993
-37.19450392387306
-35.18650743680145
-33.00089453824752
-30.632393075633708
-28.08135833632722
-25.356061437432494
-22.47513117290975
-19.469752875570986
-16.385019283831937
-13.27970638687799
-10.223846885334996
-7.293891991484813
-4.565941938550255
-2.108244326467501
0.025442230472037863
1.8001878831848985
3.2011904462665104
4.2321771627247
4.9117533117516485
5.2688250013990805
5.338103340707747
5.156347787915848
4.759623843730548
4.1815596590687285
3.4524251302033155
2.5988050833402214
1.6436538178212046
0.6065638636913555
-0.49586754925549226
-1.6496475247675193
-2.843013223004951
-4.066094105831398
-5.310617535902866
-6.569657379170369
-7.837421791187231
-9.10907508419606
-10.380588466092119
-11.648614896206237
-12.910383964170673
-14.16361338225988
-15.406434302967776
-16.637328201431135
-17.855073493765634
-19.05870040704189
-20.247452888266103
-21.42075655221623
-22.578191833566443
-23.719471637534284
-24.844422883405656
-25.95297141312852
-27.045129797787407
-28.120987622258344
-29.180703866046095
-30.22450102902281
-31.252660676866387
-32.26552010437832
-33.26346983707327
-34.24695171357101
-35.216457314022655
-36.1725265232404
-37.11574604110283
-38.04674767652709
-38.96620628389785
-39.87483722122509
-40.77339322635193
-41.66266062025566
-42.5434547541393
-43.41661461921488
-44.282996534895766
-45.143466823103786
-45.99889336465815
-46.85013591991805
-47.698035082276284
-48.54339972266994
-49.38699277960921
-50.22951525669663
-51.07158831336131
-51.913733380445414
-52.756350306807505
-53.599693652919925
-54.443847398769556
-55.28869853098558
-56.13391021979024
-56.978895586878366
-57.822793390014354
-58.66444728826236
-59.502390670225054
-60.33483927976259
-61.159694000093715
-61.97455609042406
-62.77675684239805
-63.563402984055294
-64.33143818550202
-65.07771974182846
-65.79910801723882
-66.49256468939683
-67.15525444857906
-67.78464381942517
-68.37859039721211
-68.93541616293923
-69.45395968033732
-69.93360376386636
-70.374277398016
-70.7764329678513
-71.14100190389976
-71.46933338581583
-71.76312163163666
-72.02432749213285
-72.25509965538694
-72.45769990557152
-72.63443576506026
-72.78760266548265
-72.91943668937584
-73.03207799772997
-73.12754435760493
-73.20771371407618
-73.27431448908493
-73.32892219734887
-73.37296100199738
-73.4077089477747
-73.43430577161145
-73.45376237130769
-73.46697119330689
-73.47471696746517
-73.47768736337042
-73.47648326631868
-73.47162847149178
-73.46357867389787
-73.4527296918431
-73.43942490604809
-73.42396192793451
-73.40659853177837
-73.38755789870771
-73.36703322788935
-73.34519177330921
-73.32217836457981
-73.29811846819297
-73.27312084232307
-73.24727983422744
-73.22067736488297
-73.19338464101915
-73.16546363034458
-73.13696833163416
-73.10794586751814
-73.0784374243252
-73.04847906019049
-73.01810239983747
-72.98733523196526
-72.95620202299496
-72.92472435902502
-72.89292132618874
-72.86080983817035
-72.8284049183939
-72.79571994332792
-72.76276685242694
-72.72955632943854
-72.69609795912551
-72.66240036286932
-72.62847131612315
-72.59431785025528
-72.55994634095869
-72.52536258509072
-72.49057186753951
-72.45557901948605
-72.42038846923562
-72.38500428662569
-72.3494302218751
-72.31366973961707
-72.27772604875484
-72.24160212868915
-72.20530075239054
-72.16882450672416
-72.13217581037861
-72.09535692970209
-72.05836999270842
-72.02121700147947
-71.98389984316063
-71.9464202997195
-71.90878005661568
-71.8709807105099
-71.83302377612452
-71.79491069235252
-71.75664282769985
-71.71822148513556
-71.6796479064143
-71.64092327592826
-71.60204872413819
-71.5630253306275
-71.5238541268179
-71.48453609838046
-71.44507218737225
-71.40546329412489
-71.36571027890864
-71.32581396339266
-71.28577513192003
-71.24559453261395
-71.20527287832974
-71.16481084746566
-71.12420908464428
-71.08346820127475
-71.0425887760054
-71.00157135507486
-70.96041645256938
-70.91912455059305
-70.87769609935688
-70.83613151719219
-70.7944311904933
-70.75259547359387
-70.71062468858071
-70.66851912504873
-70.62627903980024
-70.58390465649126
-70.54139616522757
-70.49875372211267
-70.45597744874962
-70.41306743169865
-70.37002372189193
-70.326846334007
-70.2835352458
-70.24009039739953
-70.1965116905622
-70.15279898789042
-70.10895211201284
-70.0649708447281
-70.0208549261118
-69.9766040535871
-69.93221788095877
-69.8876960174106
-69.84303802646586
-69.79824342491065
-69.75331168167942
-69.70824221670217
-69.6630343997127
-69.61768754901692
-69.57220093022048
-69.52657375491454
-69.48080517931862
-69.4348943028792
-69.38884016682269
-69.3426417526613
-69.29629798065012
-69.24980770819377
-69.20316972820052
-69.15638276738211
-69.10944548449694
-69.06235646853435
-69.01511423683759
-68.96771723316286
-68.92016382567154
-68.87245230485284
-68.82458088137363
-68.77654768385214
-68.72835075655208
-68.67998805699341
-68.63145745347596
-68.58275672251153
-68.53388354616028
-68.48483550926667
-68.43561009659003
-68.38620468982461
-68.3366165645036
-68.28684288678126
-68.2368807100871
-68.1867269716456
-68.13637848885443
-68.08583195551431
-68.03508393790224
-67.98413087068054
-67.93296905263261
-67.88159464221661
-67.83000365292725
-67.77819194845539
-67.72615523763479
-67.67388906916433
-67.62138882609355
-67.56864972005857
-67.51566678525475
-67.46243487213123
-67.4089486407922
-67.35520255408822
-67.30119087038011
-67.24690763595693
-67.19234667708808
-67.13750159168863
-67.08236574057531
-67.02693223828935
-66.97119394346065
-66.91514344868615
-66.85877306989347
-66.80207483515875
-66.74504047294586
-66.68766139973158
-66.6299287069791
-66.57183314741938
-66.51336512059741
-66.45451465763696
-66.39527140517447
-66.3356246084088
-66.27556309321024
-66.21507524722733
-66.15414899992622
-66.09277180149192
-66.03093060051575
-65.9686118203875
-65.90580133430461
-65.84248443880387
-65.77864582571372
-65.71426955241768
-65.6493390103099
-65.58383689131539
-65.51774515233612
-65.4510449774739
-65.38371673786781
-65.31573994897121
-65.24709322507802
-65.17775423089263
-65.10769962991954
-65.0369050294299
-64.96534492174096
-64.892992621521
-64.8198201988071
-64.74579840739473
-64.67089660822757
-64.59508268738143
-64.51832296819931
-64.44058211709239
-64.36182304247659
-64.28200678626328
-64.20109240726687
-64.11903685582958
-64.035794838895
-63.951318674685325
-63.86555813605191
-63.7784602814741
-63.68996927257573
-63.600026176910696
-63.50856875463766
-63.41553122755668
-63.32084402881602
-63.2244335314129
-63.126221753404835
-63.026126037515745
-62.924058702559435
-62.81992666380839
-62.713631019103694
-62.60506659712687
-62.494121463830275
-62.38067638254279
-62.26460422272344
-62.14576931171788
-62.02402672317073
-61.89922149494802
-61.77118776851326
-61.63974784066163
-61.50471111732958
-61.36587295783805
-61.22301339637086
-61.075895725703404
-60.92426492614474
-60.767845920295755
-60.606341631507725
-60.439430820791486
-60.266765673310196
-60.08796910140953
-59.90263172630682
-59.710308494969254
-59.510514882237345
-59.302722620753144
-59.08635489256925
-58.86078090626163
-58.62530977173745
-58.379183571487694
-58.12156951153237
-57.85155101747551
-57.56811762065974
-57.2701534561318
-56.956424167798325
-56.625561986666035
-56.276048715507116
-55.90619631806832
-55.514124773952624
-55.09773682323637
-54.65468919064432
-54.182359852421236
-53.677810897364
-53.13774654827538
-52.55846596865405
-51.935810607391
-51.26510606906845
-50.541098893053515
-49.7578892571879
-48.90886159724112
-47.986616594585676
-46.98291011965474
-45.888607763974235
-44.69366782822887
-43.38717135589928
-41.9574252687523
-40.392173967443256
-38.678965615043154
-36.80573063793509
-34.76163918756649
-32.53830626781596
-30.131398831727772
-27.542654326530904
-24.7822275235207
-21.871129235208645
-18.843315909377612
-15.746787278201186
-12.642960206481531
-9.603746462872286
-6.7062468780405915
-4.0256981767275875
-1.6279938910512795
0.43660185314174704
2.137216223954793
3.463036834686535
4.42120230503866
5.03285668923448
5.3285033831375515
5.343609175992549
5.115036720289434
4.678511269533415
4.067062035641284
3.310242442318873
2.4338990530290467
1.460283720528833
0.4083519703576963
-0.705859362104555
-1.8688409916357585
-3.069242519359566
-4.297542765318189
-5.545764002122818
-6.80722873300945
-8.076354752509928
-9.348483263624546
-10.619734882981696
-11.886888890648434
-13.147281763229202
-14.398721708333134
-15.639416524376259
-16.86791261902592
-18.083043433294367
-19.283885847483546
-20.469723404028215
-21.6400153844952
-21.172059202344972
-21.25142444913746
-21.67379197287134
-22.309705863687128
-23.076771052986633
-23.92236969723551
-24.81281025237289
-25.726471729453564
-26.649453939364136
-27.57280965698823
-28.49077952177845
-29.39966430612221
-30.297103098427744
-31.18161037373544
-32.05227837509781
-32.90858516174624
-33.75027026227181
-34.577253616749985
-35.389582256364704
-36.18739476375611
-36.97089713269009
-37.740345933553975
-38.49603615739882
-39.23829205240152
-39.96745987173665
-40.68390184149426
-41.38799090845833
-42.08010598954679
-42.76062754913248
-43.42993339768994
-44.088394648441756
-44.736371796508465
-45.374210903141375
-46.002239879663186
-46.62076487422974
-47.23006677109406
-47.830397817770525
-48.42197840103787
-49.004993998469665
-49.57959233831083
-50.14588080702279
-50.70392415054887
-51.2537425220293
-51.795309934933734
-52.32855318589448
-52.85335131534959
-53.36953567582197
-53.87689067662121
-54.375155269331024
-54.864025230075576
-55.3431562818121
-55.8121680825403
-56.27064908338018
-56.71816223430313
-57.154251485631
-57.57844900135859
-57.990282967398734
-58.38928584580713
-58.77500289695015
-59.14700076754499
-59.50487592554385
-59.84826271468142
-60.17684080340926
-60.490341815517375
-60.78855495285957
-61.07133145333658
-61.33858776798308
-61.59030738735992
-61.826541296745134
-62.04740708891998
-62.25308680979521
-62.44382365315378
-62.619917654345315
-62.78172055744743
-62.9296300455213
-63.06408352915031
-63.18555168511433
-63.2945319259768
-63.391541964058355
-63.477113611438945
-63.551786932998084
-63.616104843702324
-63.67060821580814
-63.71583153753524
-63.75229914295288
-63.78052201389062
-63.800995138945495
-63.814195402188005
-63.82057996486127
-63.820585096977574
-63.81462541190755
-63.803093455445264
-63.78635960101602
-63.764772204281435
-63.73865797302647
-63.708322511562734
-63.67405100267641
-63.636108994159414
-63.59474326100858
-63.55018271832105
-63.502639363655256
-63.45230923109764
-63.39937334243477
-63.34399864365925
-63.28633891753179
-63.22653566509068
-63.16471895085991
-63.10100820808229
-63.035513001619016
-62.968333747240365
-62.899562386911064
-62.829283020373985
-62.75757249388326
-62.68450094735469
-62.61013232150876
-62.53452482679762
-62.45773137604898
-62.379799982840126
-62.30077412764751
-62.220693093810745
-62.13959227531396
-62.05750345832888
-61.97445507838955
-61.890472454982074
-61.8055780052392
-61.71979143833172
-61.633129932048625
-61.54560829295867
-61.457239101447925
-61.368032842833074
-61.27799802565848
-61.187141288198006
-61.095467494099665
-61.00297981803324
-60.909679822127664
-60.81556752391658
-60.72064145644651
-60.6248987211431
-60.52833503397554
-60.430944765408924
-60.3327209745871
-60.23365543814542
-60.13373867401337
-60.032959960530086
-59.93130735116262
-59.82876768508618
-59.72532659385715
-59.62096850438454
-59.51567663838177
-59.409433008459565
-59.30221841100159
-59.19401241594668
-59.084793353586164
-58.974538298470485
-58.863223050506924
-58.75082211331929
-58.637308669930924
-58.522654555824374
-58.40683022942446
-58.2898047400464
-58.17154569334707
-58.05201921431526
-57.93118990783661
-57.80902081687
-57.6854733782754
-57.56050737633829
-57.43408089404334
-57.30615026215934
-57.17667000621037
-57.04559279142308
-56.91286936575881
-56.77844850116168
-56.64227693317997
-56.50429929914933
-56.364458075162304
-56.222693512090736
-56.078943570975795
-55.93314385815608
-55.7852275605678
-55.635125381723746
-55.48276547896059
-55.328073402637955
-55.17097203807932
-55.01138155116511
-54.84921933862411
-54.68439998422214
-54.516835222218184
-54.34643390965028
-54.17310200922765
-53.99674258484431
-53.81725581199459
-53.634539005664244
-53.44848666859496
-53.258990563175736
-53.0659398106045
-52.86922102138778
-52.66871846170685
-52.46431426067459
-52.255888664038665
-52.04332034045063
-51.826486747014116
-51.605264561443285
-51.379530188797084
-51.14916035139568
-50.91403277115881
-50.67402695421371
-50.42902508818109
-50.17891306303277
-49.92358162679071
-49.6629276875633
-49.39685577344303
-49.125279661562836
-48.84812418706334
-48.56532724178545
-48.27684197109227
-47.9826391752535
-47.68270991920092
-47.37706835109154
-47.06575472590201
-46.74883862513815
-46.42642235760627
-46.09864451900866
-45.76568367987832
-45.42776216208608
-45.08514985392086
-44.73816800271691
-44.38719291241683
-44.03265946164827
-43.67506434628873
-43.31496893963443
-42.95300165381712
-42.589859678753875
-42.22630997046574
-41.86318935988505
-41.50140365709767
-41.14192563506661
-40.785791791844254
-40.43409781146953
-40.08799267123721
-39.74867137653201
-39.41736634324303
-39.09533749077964
-38.78386115433322
-38.484217971323005
-38.19767994168332
-37.9254969023815
-37.66888269087716
-37.42900129789554
-37.20695332499608
-37.00376306560954
-36.82036651879271
-36.657600622965454
-36.51619396318049
-36.396759161597096
-36.29978710897431
-36.22564313781705
-36.17456517820766
-36.146663878286525
-36.14192461558887
-36.16021127542317
-36.201271630116864
-36.264744119591676
-36.35016581007844
-36.45698129394776
-36.58455228918828
-36.732167701132575
-36.89905392041094
-37.08438514839685
-37.287293563100654
-37.50687916309013
-37.74221915318775
-37.99237676219484
-38.25640940870102
-38.533376155346936
-38.82234441413127
-39.12239588510126
-39.43263172783294
-39.752176979436705
-40.080184244480186
-40.41583669135841
-40.7583503964775
-41.10697608240792
-41.46100029917763
-41.8197460993894
-42.18257325812174
-42.54887808785533
-42.91809289717673
-43.289685139944424
-43.663156299126534
-44.038040546778085
-44.41390321873749
-44.79033913968257
-45.16697083127493
-45.543446633297286
-45.91943876499778
-46.29464135133193
-46.668768436458805
-47.0415520047172
-47.41274002738471
-47.782094551806466
-48.14938984796238
-48.514410626209106
-48.87695033876672
-49.23680957649779
-49.59379457162101
-49.94771581618358
-50.298386805353076
-50.64562291384628
-50.98924041305471
-51.329055635618246
-51.66488429330649
-51.99654095306005
-52.32383867489407
-52.64658881405211
-52.96460098830455
-53.27768320960656
-53.58564217746873
-53.88828372936346
-54.18541344131768
-54.47683736956469
-54.76236292179405
-55.04179984420753
-55.314961308329885
-55.5816650794098
-55.841734746357695
-56.095000991580896
-56.34130287786843
-56.58048912871266
-56.812419378189276
-57.03696536678866
-57.25401206042137
-57.463458671208166
-57.66521956058753
-57.85922500768749
-58.04542182874851
-58.22377383656732
-58.394262132360936
-58.55688522601844
-58.71165898430324
-58.85861641007983
-58.99780725895948
-59.1292975027949
-59.25316865212253
-59.369516951890105
-59.47845246657164
-59.58009807203905
-59.67458837232405
-59.76206855968112
-59.842693236182456
-59.916625214483496
-59.98403431444679
-60.04509617106521
-60.099991067646535
-60.14890280657707
-60.19201762823487
-60.2295231868326
-60.261607590188845
-60.28845850870062
-60.31026235715597
-60.32720355151388
-60.33946384141019
-60.34722171793689
-60.350651895195206
-60.34992486324141
-60.34520650932449
-60.336657803749226
-60.32443454627608
-60.30868716867768
-60.289560588896656
-60.26719411217637
-60.24172137454991
-60.21327032415917
-60.18196323602117
-60.14791675605086
-60.11124197037634
-60.072044496234135
-60.03042459099978
-59.98647727618494
-59.94029247351013
-59.891955150436836
-59.84154547281023
-59.78913896252003
-59.73480665833091
-59.67861527826264
-59.620627382113064
-59.56090153291382
-59.499492456288785
-59.436451196849056
-59.37182527090608
-59.30565881491733
-59.237992729197074
-59.16886481652948
-59.09830991541328
-59.02636002774782
-58.95304444083989
-58.87838984367113
-58.802420437417055
-58.725158040252445
-58.6466221865144
-58.56683022032498
-58.48579738380023
-58.40353689999288
-58.320060050732046
-58.235376249536145
-58.14949310978478
-58.06241650834248
-57.97415064483243
-57.884698096761404
-57.79405987069936
-57.70223544971779
-57.60922283729139
-57.51501859786687
-57.41961789430239
-57.3230145223801
-57.225200942593645
-57.126168309412144
-57.02590649822199
-56.924404130148474
-56.821648594960386
-56.71762607226287
-56.612321551186575
-56.50571884878543
-56.39780062736024
-56.288548410931995
-56.17794260109638
-56.06596249250046
-55.95258628819321
-55.83779111511441
-55.72155304000072
-55.60384708600413
-55.48464725033668
-55.36392652327568
-55.24165690888696
-55.11780944784886
-54.99235424278787
-54.8652604865672
-54.736496494003454
-54.60602973752234
-54.47382688730424
-54.33985385651235
-54.20407585224188
-54.06645743287715
-53.92696257259519
-53.785554733808965
-53.6421969484011
-53.496851908658876
-53.34948206888424
-53.200049758716986
-53.04851730927536
-52.89484719328564
-52.739002180439044
-52.58094550928061
-52.42064107699883
-52.2580536485452
-52.0931490865682
-51.92589460369412
-51.756259038725744
-51.584213158355745
-51.40972998600254
-51.23278515936809
-51.0533573182861
-50.87142852437067
-50.686984713885124
-50.500016185122746
-50.31051812142015
-50.11849115070355
-49.92394194219216
-49.72688384054455
-49.52733753732634
-49.325331779194634
-49.1209041116301
-48.914101656395516
-48.70498192015617
-48.493613630858675
-48.28007759753009
-48.06446758812908
-47.8468912189594
-47.62747084795061
-47.406344462833204
-47.18366655390106
-46.959608959685184
-46.73436167248523
-46.50813358935355
-46.28115319283801
-46.053669144611
-45.82595077409278
-45.59828844337358
-45.37099376920928
-45.144399682672024
-44.91886030724022
-44.69475063677096
-44.47246599596507
-44.25242126765478
-44.03504987354863
-43.82080249797316
-43.61014554765451
-43.40355934465789
-43.201536054201306
-43.00457735410431
-42.813191858022286
-42.627892310223345
-42.449192575339715
-42.27760445209931
-42.11363434533558
-41.95777983539792
-41.81052618825614
-41.67234285293767
-41.543679995301325
-41.42496511841156
-41.31659981984227
-41.21895673506197
-41.13237671363011
-41.057166271312205
-40.99359535649218
-40.9418954635565
-40.90225811941976
-40.874833762255534
-40.85973102401053
-40.85701642064627
-40.86671444649989
-40.88880806190449
-40.923239556459436
-40.96991176426423
-41.02868960216555
-41.09940189771747
-41.181843470184866
-41.27577742555375
-41.380937625141776
-41.497031286984246
-41.62374167963759
-41.760730869302876
-41.90764248312007
-42.0641044540043
-42.22973171536765
-42.404128817375
-42.58689243990559
-42.777613781026815
-42.97588080343864
-43.18128032493201
-43.39339994235387
-43.61182978182867
-43.836164071008575
-44.06600253188192
-44.3009515951426
-44.540625439303284
-44.78464685962192
-45.032647973511004
-45.28427077042483
-45.53916751528815
-45.797001015360166
-46.05744476104273
-46.32018295156336
-46.58491041671563
-46.8513324459443
-47.11916453604125
-47.388132068591716
-47.657969928096406
-47.92842207140992
-48.19924105879477
-48.47018755650391
-48.74102982038417
-49.011543169545234
-49.28150945867014
-49.55071655705692
-49.81895784197975
-50.0860317134419
-50.351741136861165
-50.61589321968054
-50.87829882732857
-51.13877224336461
-51.39713087802888
-51.65319502877524
-51.90678769569267
-52.15773445401912
-52.405863385218574
-52.65100506733092
-52.892992624517255
-53.13166183491658
-53.36685129511021
-53.59840263866693
-53.82616080542656
-54.04997435738433
-54.269695836278444
-54.48518215727323
-54.69629503248647
-54.90290141754852
-55.1048739739172
-55.30209153932128
-55.49443959847871
-55.681810746143775
-55.86410513458672
-56.041230897804006
-56.21310454509614
-56.37965131712953
-56.540805498209366
-56.69651067922081
-56.846719966529186
-56.99139613304737
-57.13051170865871
-57.26404900820337
-57.39200009627009
-57.514366689060346
-57.631159994583825
-57.74240049338053
-57.84811766282665
-57.94834964885097
-58.0431428895525
-58.132551695758465
-58.21663779398803
-58.29546983758882
-58.36912289199166
-58.437677900087806
-58.50122113367996
-58.55984363680296
-58.61364066646363
-58.662711136025344
-58.70715706607403
-58.747083047164196
-58.78259571836839
-58.81380326505609
-58.84081493881968
-58.86374060195825
-58.882690298433346
-58.89777385273441
-58.90910049764087
-58.91677853144985
-58.92091500485599
-58.92161543732662
-58.91898356251222
-58.91312110196989
-58.904127566255156
-58.89210008225402
-58.87713324548082
-58.85931899595524
-58.838746516191485
-58.815502149780954
-58.789669339023675
-58.76132858005986
-58.730557393968716
-58.69743031233364
-58.66201887581828
-58.62439164435472
-58.58461421760966
-58.54274926446636
-58.498856560335554
-58.45299303118747
-58.4052128032769
-58.355567257613416
-58.30410508830764
-58.25087236400216
-58.19591259166992
-58.13926678213488
-58.080973516738176
-58.021069014637085
-57.95958720028543
-57.89655977070033
-57.832016262173184
-57.765984116131676
-57.69848874390449
-57.629553590181864
-57.55920019500288
-57.48744825413495
-57.4143156777422
-57.33981864726807
-57.263971670482896
-57.18678763467104
-57.10827785795253
-57.028452138753735
-56.94731880345848
-56.8648847522867
-56.78115550346183
-56.69613523574127
-56.60982682939582
-56.52223190573556
-56.43335086528934
-56.343182924755496
-56.25172615285024
-56.158977505189725
-56.06493285835045
-55.96958704326191
-55.87293387809418
-55.77496620081276
-55.675675901582196
-55.57505395521033
-55.47309045383529
-55.36977464006852
-55.265094940818734
-55.159039002034284
-55.05159372461443
-54.94274530175419
-54.832479258002344
-54.720780490327975
-54.607633311507655
-54.49302149616331
-54.37692832979925
-54.259336661206675
-54.14022895862429
-54.019587370065274
-53.89739378824266
-53.77362992054823
-53.64827736456312
-53.521317689601936
-53.39273252481583
-53.26250365440355
-53.130613120502375
-52.9970433343528
-52.86177719635184
-52.72479822562828
-52.58609069978983
-52.445639805504946
-52.30343180059136
-52.15945418828752
-52.013695904381166
-51.86614751786071
-51.71680144573763
-51.56565218266135
-51.412696545909924
-51.25793393628874
-51.10136661540412
-50.94299999969646
-50.782842971517276
-50.620908207413684
-50.45721252364079
-50.29177723875472
-50.124628552945104
-49.955797943543736
-49.785322575893765
-49.61324572848066
-49.43961723091049
-49.264493912972654
-49.08794006264317
-48.910027890471746
-48.73083799735278
-48.55045984221011
-48.36899220563156
-48.1865436449772
-48.003232935962075
-47.81918949518734
-47.634553777574205
-47.449477642153646
-47.26412467919548
-47.07867049123772
-46.893302920217636
-46.708222212627724
-46.5236411144408
-46.33978488748851
-46.15689123905546
-45.97521015668506
-45.79500364060089
-45.61654532674263
-45.44011999421102
-45.26602295191889
-45.09455930045851
-44.926043066615364
-44.76079620957716
-44.599147499686254
-44.44143127254145
-44.28798606333885
-44.13915312851357
-43.995274863958834
-43.85669313130524
-43.72374750588587
-43.59677346203341
-43.47610051319445
-43.362050325945276
-43.25493482829786
-43.15505433364528
-43.06269570227046
-42.97813056250033
-42.90161361330799
-42.83338102944183
-42.773648988998545
-42.72261234177563
-42.68044343477284
-42.64729110890404
-42.62327987838854
-42.60850930147723
-42.603053548204834
-42.606961167818866
-42.62025505549347
-42.642932614965375
-42.67496611089795
-42.716303202150364
-42.76686764475522
-42.826560151334284
-42.895259391940066
-42.97282311992424
-43.059089405411356
-43.15387795829954
-43.256991522408256
-43.36821732242859
-43.48732854567844
-43.61408584129202
-43.748238820344525
-43.88952754149027
-44.037683967937085
-44.192433382951364
-44.35349575254849
-44.520587025537296
-44.693420362620465
-44.87170728777648
-45.05515875663688
-45.243486138002915
-45.436402106001076
-45.633621441642866
-45.83486174372069
-46.03984405003204
-46.24829337087446
-46.45993913759284
-46.674515569690186
-46.89176196463537
-47.11142291502201
-47.333248458156355
-47.556994163485975
-47.78242116353164
-48.009296134159385
-48.23739123013524
-48.466483981948365
-48.69635715987589
-48.92679861120004
-49.157601076381255
-49.38856198984344
-49.61948327084464
-49.85017110969006
-50.08043575429841
-50.31009130185848
-50.53895550001223
-50.766849561675464
-50.993597997256984
-51.21902846766447
-51.4429716610896
-51.66526119614764
-51.88573355350944
-52.10422803770708
-52.32058677032144
-52.53465471527275
-52.74627973643737
-52.95531268730969
-53.16160753192216
-53.36502149573456
-53.56541524471215
-53.762653090338105
-53.95660321785637
-54.14713793462401
-54.334133935075535
-54.51747257847285
-54.69704017534096
-54.872728278277776
-55.04443397268193
-55.212060162870294
-55.375515849059596
-55.53471639076583
-55.68958375233117
-55.840046726518246
-55.98604113241282
-56.12750998424192
-56.264403628138574
-56.39667984435766
-56.5243039129596
-56.64724864151994
-56.76549435398028
-56.879028840319314
-56.98784726727858
-57.09195205091627
-57.19135269227219
-57.28606557789903
-57.37611374744072
-57.46152663081188
-57.542339757846875
-57.618594443540495
-57.690337452192374
-57.75762064389366
-57.82050060685915
-57.879038279113296
-57.93329856298825
-57.98334993579165
-58.029264059856644
-58.07111539500278
-58.10898081622106
-58.14293923915574
-58.173071255695945
-58.199458781719365
-58.22218471875208
-58.24133263103093
-58.2569864391805
-58.2692301314517
-58.27814749321525
-58.28382185516568
-58.286335860470324
-58.28577125089627
-58.282208671766504
-58.275727495435824
-58.26640566283671
-58.25431954252595
-58.23954380656284
-58.22215132246886
-58.20221306045544
-58.17979801505971
-58.15497314029614
-58.12780329741398
-58.098351214343744
-58.06667745592077
-58.03284040398698
-57.99689624649334
-57.95889897475304
-57.918900388028284
-57.87695010467074
-57.8330955790755
-57.787382123750994
-57.73985293585104
-57.69054912755956
-57.63950975976336
-57.586771878492506
-57.53237055365144
-57.47633891960624
-57.41870821723466
-57.35950783708462
-57.29876536332489
-57.236506618206995
-57.1727557067917
-57.107535061724946
-57.04086548787841
-56.972766206697656
-56.90325490012726
-56.832347754006726
-56.76005950085367
-56.68640346197202
-56.61139158884267
-56.53503450377232
-56.457341539793276
-56.37832077982295
-56.29797909510664
-56.21632218298115
-56.133354604010044
-56.049079818553636
-55.96350022284902
-55.876617184686516
-55.78843107878019
-55.698941321940794
-55.60814640817003
-55.51604394380547
-55.42263068285592
-55.3279025626775
-55.23185474015124
-55.13448162853376
-55.035776935163675
-54.93573370021742
-54.834344336720044
-54.73160067202823
-54.62749399101522
-54.52201508120001
-54.415154280076216
-54.306901524909584
-54.19724640528685
-54.086178218712796
-53.973686029566935
-53.859758731745536
-53.7443851153297
-53.62755393763463
-53.50925399900984
-53.38947422377398
-53.26820374668166
-53.14543200533223
-53.02114883894218
-52.89534459391269
-52.76801023663254
-52.639137473962364
-52.50871888184954
-52.37674804252315
-52.24321969071436
-52.10812986933915
-51.97147609506647
-51.833257534175
-51.69347518907463
-51.55213209583405
-51.40923353301167
-51.264787242033776
-51.118803659298315
-50.97129616010604
-50.822281314429894
-50.67177915442859
-50.519813453489796
-50.36641201645062
-50.21160698048854
-50.05543512600203
-49.89793819660778
-49.73916322716931
-49.57916287853998
-49.41799577745261
-49.25572685971801
-49.09242771460821
-48.928176927997285
-48.76306042151716
-48.59717178466061
-48.43061259643215
-48.263492732815536
-48.09593065599939
-47.92805368098675
-47.75999821491809
-47.5919099641688
-47.423944104050626
-47.25626540576255
-47.08904831510992
-46.92247697745315
-46.75674520336892
-46.592056369619456
-46.42862325023804
-46.26666777286146
-46.106420695879876
-45.948121202537195
-45.79201640880421
-45.638360782662666
-45.48741547337847
-45.339447550399846
-45.19472915268167
-45.05353655049523
-44.9161491231159
-44.78284825716619
-44.65391617180348
-44.52963467835012
-44.410283883337385
-44.296140845240224
-44.18747819638272
-44.08456274256037
-43.98765405382274
-43.8970030605584
-43.81285066949792
-43.73542641447837
-43.664947156779874
-43.60161584954253
-43.54562038019871
-43.49713250401878
-43.45630688078032
-43.423280225253215
-43.398170580673295
-43.38107672268806
-43.37207769943781
-43.3712325115248
-43.37857993366516
-43.39413847785695
-43.417906495975465
-43.449862417864196
-43.48996511926408
-43.53815441234726
-43.59435165022212
-43.6584604355751
-43.73036742262775
-43.80994320082345
-43.89704324812015
-43.991508941451656
-44.09316861182142
-44.20183863159823
-44.31732452187572
-44.43942206821864
-44.56791843372662
-44.70259325907827
-44.84321974005178
-44.98956567392876
-45.14139446715456
-45.29846609762811
-45.460538026008464
-45.627366051436
-45.798705108056666
-45.97430999969619
-46.15393607094434
-46.33733981376993
-46.524279409586875
-46.71451520742645
-46.90781013953669
-47.103930076325916
-47.302644123092925
-47.503724861442514
-47.70694853867381
-47.91209520875257
-48.11894882874108
-48.32729731476301
-48.53693256173045
-48.74765043115944
-48.95925071145233
-49.1715370550344
-49.38431689670116
-49.5974013574649
-49.81060513808735
-50.02374640635168
-50.23664668196473
-50.44913072278952
-50.66102641589232
-50.87216467664793
-51.082379358883
-51.29150717875249
-51.49938765473788
-51.705863065831984
-51.91077842963281
-52.113981501712104
-52.315322797253856
-52.514655635577796
-52.71183620777493
-52.9067236672909
-53.099180242902015
-53.28907137314255
-53.47626586086548
-53.660636046257615
-53.84205799628859
-54.020411708258365
-54.19558132482394
-54.3674553576389
-54.53592691653434
-54.70089394101044
-54.86225943069912
-55.019931671401935
-55.17382445330654
-55.32385727803959
-55.46995555132465
-55.612050758178015
-55.75008061779155
-55.883989215515264
-56.013727109658255
-56.139251411169674
-56.26052583463348
-56.37752071940551
-56.490213020130106
-56.59858626628838
-56.7026304908429
-56.80234212844608
-56.897723884064305
-56.98878457323025
-57.075538935465275
-57.15800742270776
-57.23621596483705
-57.310195714593796
-57.37998277436379
-57.445617907413244
-57.50714623623921
-57.564616930730736
-57.61808288882661
-57.66760041230736
-57.71322888027547
-57.75503042276376
-57.79306959677038
-57.8274130668562
-57.858129292259704
-57.885288222291216
-57.90896100156664
-57.92921968643483
-57.94613697374614
-57.95978594290632
-57.97023981196187
-57.97757170827424
-57.98185445416122
-57.983160367717566
-57.981561078873995
-57.977127360614936
-57.969928975151504
-57.9600345347372
-57.94751137671962
-57.93242545234175
-57.91484122874026
-57.89482160353572
-57.87242783136871
-57.84771946170684
-57.8207542872284
-57.79158830207898
-57.76027566929576
-57.726868696699924
-57.69141782056985
-57.653971596424896
-57.61457669627139
-57.573277911687974
-57.53011816215529
-57.48513850806585
-57.4383781678815
-57.38987453893904
-57.339663221438
-57.28777804517834
-57.234251098649025
-57.17911276010159
-57.122391730274884
-57.06411506646835
-57.0043082176915
-56.942995060646105
-56.88019793632527
-56.81593768704008
-56.75023369370943
-56.68310391327226
-56.61456491610412
-56.54463192334069
-56.47331884403108
-56.400638312062284
-56.32660172281387
-56.25121926951837
-56.17449997931885
-56.09645174902941
-56.01708138061885
-55.936394616450556
-55.854396174324776
-55.771089782381104
-55.68647821393114
-55.600563322302214
-55.51334607578429
-55.42482659278279
-55.335004177290756
-55.24387735480422
-55.151443908815175
-55.05770091802685
-54.962644794446724
-54.86627132252308
-54.768575699501945
-54.6695525771918
-54.569196105334896
-54.467499976794954
-54.36445747478266
-54.26006152235193
-54.1543047344116
-54.04717947250917
-53.938677902655
-53.82879205646745
-53.71751389593093
-53.604835382070746
-53.49074854785954
-53.37524557568089
-53.25831887968582
-53.139961193386696
-53.02016566284132
-52.89892594578609
-52.776236317082095
-52.652091780840536
-52.526488189593685
-52.39942237087496
-52.27089226156492
-52.14089705034974
-52.009437328623534
-51.87651525014527
-51.742134699735125
-51.60630147126151
-51.46902345512975
-51.330310835434425
-51.19017629687925
-51.04863524150044
-50.90570601515048
-50.76141014360852
-50.6157725780807
-50.468821949736686
-50.320590832798814
-50.17111601555482
-50.020438778505444
-49.86860517868305
-49.71566633898734
-49.561678741179385
-49.40670452095607
-49.25081176329534
-49.0940747960189
-48.93657447926629
-48.778398488314195
-48.61964158691163
-48.460405888037904
-48.30080109873185
-48.14094474539146
-47.980962375710156
-47.82098773320459
-47.66116290010698
-47.50163840425021
-47.34257328547364
-47.1841351170308
-47.02649997749435
-46.86985236873817
-46.714385075737304
-46.56029896417251
-46.40780271216179
-46.257112472872166
-46.10845146529337
-45.962049491082404
-45.81814237611222
-45.67697133617535
-45.53878226719709
-45.403824961293154
-45.272352251050116
-45.14461908549879
-45.02088154237058
-44.90139578235528
-44.78641695219104
-44.676198044489624
-44.570988723205474
-44.47103412457082
-44.37657364411465
-44.28783972103729
-44.20505663170313
-44.128439304323074
-44.058192167010844
-43.994508041304094
-43.93756709293663
-43.88753585113333
-43.84456630697994
-43.80879510050845
-43.78034280505083
-43.75931331617269
-43.74579335112832
-43.739852063309954
-43.74154077462723
-43.75089282718202
-43.76792355403081
-43.792630367285696
-43.824992960325645
-43.86497361950087
-43.91251763944043
-43.967553834937156
-44.029995141402345
-44.09973929506726
-44.17666958346784
-44.260655656285664
-44.35155438633148
-44.44921077034255
-44.553458859312684
-44.66412270827268
-44.78101733577555
-44.90394968379826
-45.03271956933407
-45.167120619598265
-45.30694118348751
-45.45196521270161
-45.6019731067395
-45.75674251680242
-45.916049104462665
-46.07966725177253
-46.24737072028371
-46.41893325721323
-46.59412914771912
-46.77273371293189
-46.95452375402083
-47.13927794315453
-47.32677716273948
-47.516804794789785
-47.70914696269316
-47.903592727995424
-48.099934245128615
-48.29796687725871
-48.497489276629906
-48.69830343293638
-48.90021469336171
-49.10303175799391
-49.3065666543522
-49.510634694754174
-49.715054420209434
-49.919647534452345
-50.124238831622655
-50.32865612097136
-50.53273015181147
-50.73629454175089
-50.939185711039244
-51.14124282563306
-51.34230775133584
-51.54222502110325
-51.74084181731916
-51.93800797054884
-52.1335759759623
-52.327401028295945
-52.51934107588739
-52.70925689397893
-52.89701217714334
-53.08247365034495
-53.2655111978134
-53.44599800858114
-53.6238107372234
-53.79882967804549
-53.970938950691625
-54.14002669490639
-54.30598527196962
-54.468711470150716
-54.62810671139446
-54.78407725635862
-54.936534404878024
-55.08539468893037
-55.2305800552277
-55.37201803465297
-55.50964189590263
-55.64339078088126
-55.77320981961927
-55.899050222746176
-56.02086934984402
-56.138630752322925
-56.2523041897975
-56.36186561929157
-56.467297156953315
-56.568587012316264
-56.66572939548692
-56.7587243979713
-56.84757784816374
-56.93230114280782
-57.0129110559958
-57.08942952749666
-57.16188343239101
-57.230304334141415
-57.29472822333923
-57.355195244443095
-57.41174941286118
-57.46443832473035
-57.51331286171368
-57.55842689307454
-57.599836977196155
-57.63760206460144
-57.67178320439455
-57.702443255895744
-57.729646607079104
-57.75345890125207
-57.77394677323985
-57.7911775961604
-57.80521923969918
-57.81613984062034
-57.82400758608479
-57.82889051018691
-57.83085630397311
-57.82997213906759
-57.82630450490419
-57.81991905944944
-57.810880493200465
-57.79925240615256
-57.78509719735481
-57.76847596660763
-57.74944842780347
-57.72807283336935
-57.70440590923852
-57.67850279975543
-57.65041702190436
-57.62020042824537
-57.587903177941556
-57.553573715267845
-57.51725875500276
-57.479003274120466
-57.438850509219556
-57.39684195914749
-57.35301739230413
-57.30741485813442
-57.26007070234778
-57.21101958543065
-57.1602945040474
-57.10792681495421
-57.05394626107941
-56.9983809994524
-56.94125763069137
-56.88260122978704
-56.8224353779464
-56.760782195285294
-56.697662374183594
-56.633095213139455
-56.567098650981755
-56.499689301320515
-56.430882487135406
-56.36069227542119
-56.289131511826916
-56.21621185524279
-56.1419438123045
-56.06633677180017
-55.98939903897959
-55.91113786977893
-55.83155950498744
-55.750669204395095
-55.668471280972255
-55.58496913514384
-55.50016528923199
-55.41406142215201
-55.32665840445709
-55.23795633383785
-55.147954571193196
-55.05665177739923
-54.96404595091328
-54.87013446636041
-54.77491411426008
-54.6783811420611
-54.58053129666338
-54.48135986861567
-54.380861738189054
-54.27903142353679
-54.17586313116189
-54.071350808924535
-53.96548820183259
-53.85826891086883
-53.74968645511938
-53.63973433747819
-53.52840611421216
-53.41569546868134
-53.301596289517164
-53.18610275356975
-53.06920941394235
-52.950911293436334
-52.83120398373428
-52.710083750650824
-52.58754764578062
-52.46359362486994
-52.33822067323271
-52.211428938522
-52.08321987115453
-51.953596372667846
-51.822562952265784
-51.690125891779275
-51.55629341923315
-51.421075891166836
-51.28448598380575
-51.146538893120486
-51.007252543741586
-50.866647806618545
-50.72474872522125
-50.581582749980335
-50.43718098054894
-50.2915784153418
-50.14481420766799
-49.9969319276207
-49.84797982872159
-49.698011118138005
-49.54708422909985
-49.39526309393979
-49.242617415966706
-49.089222938159935
-48.935161706442585
-48.78052232505905
-48.625400201347425
-48.46989777696598
-48.314124742408474
-48.158198231430106
-48.00224299181069
-47.846391528709454
-47.69078421672327
-47.535569376654266
-47.38090331293001
-47.22695030760803
-47.073882566942274
-46.92188011660006
-46.771130641799964
-46.621829268899916
-46.47417828530472
-46.32838679498707
-46.18467030742742
-46.043250258375295
-45.90435346151645
-45.76821149089111
-45.63505999474204
-45.505137942367604
-45.37868680650172
-45.25594968472576
-45.137170364419134
-45.022592336756865
-44.912457766243385
-44.80700642320949
-44.70647458757189
-44.611093932939426
-44.52109040082491
-44.436683075266465
-44.35808306855935
-44.28549242903278
-44.21910308186486
-44.15909581380508
-44.105639312363486
-44.058889269531534
-44.01898755942679
-43.986061498413754
-43.96022319526088
-43.94156899776939
-43.93017904107502
-43.926116901505274
-43.929429358499554
-43.94014626569662
-43.95828053089148
-43.98382820319126
-44.01676866438267
-44.05706492028796
-44.10466398675278
-44.15949736389733
-44.22148159138574
-44.290518876739405
-44.366497788144244
-44.44929400278301
-44.53877110146101
-44.63478140018253
-44.73716680936901
-44.84575971157812
-44.96038384887429
-45.080855211400944
-45.206982919199476
-45.33857008989294
-45.47541468548915
-45.617310332241985
-45.764047108227146
-45.91541229402451
-46.07119108264187
-46.23116724555089
-46.39512375242726
-46.5628433428822
-46.734109049136556
-46.90870466921333
-47.08641519080718
-47.26702716652474
-47.450329041677
-47.63611143624192
-47.8241673830023
-48.014292524200684
-48.20628526934102
-48.39994691700704
-48.595081743762066
-48.79149706334613
-48.98900325949592
-49.18741379578388
-49.38654520590682
-49.58621706785349
-49.78625196534811
-49.986475439902925
-50.186715936721264
-50.3868047475736
-50.586575953625044
-50.785866371025016
-50.98451550187941
-51.18236549301461
-51.379261104711844
-51.575049691341675
-51.76958119556302
-51.96270815747129
-52.1542857397874
-52.34417176987638
-52.532226799073314
-52.71831417947805
-52.90230015806249
-53.08405398761747
-53.263448053755596
-53.44035801688419
-53.61466296777476
-53.7862455950845
-53.95499236293717
-54.12079369644838
-54.28354417288849
-54.44314271601826
-54.59949279101161
-54.75250259729892
-54.90208525662515
-55.04815899362135
-55.19064730623584
-55.329479123462356
-55.46458894793552
-55.59591698113665
-55.723409229162215
-55.84701758724952
-55.966699901524116
-56.082420006727084
-56.194147738990225
-56.30185892304925
-56.405535333611496
-56.50516463092013
-56.600740270875306
-56.69226139037793
-56.77973266884886
-56.863164167140965
-56.94257114529867
-57.01797386082708
-57.08939734930778
-57.15687118933893
-57.22042925388303
-57.28010945017676
-57.33595345039373
-57.388006415255134
-57.43631671275622
-57.48093563412181
-57.52191710902352
-57.559317421989036
-57.5931949318127
-57.62360979564013
-57.65062369925166
-57.67429959491253
-57.69470144799628
-57.711893993423764
-57.72594250279696
-57.73691256294644
-57.744869866456455
-57.74988001458338
-57.75200833284398
-57.751319699419874
-57.74787838640555
-57.74174791381886
-57.73299091619635
-57.721669021510586
-57.70784274207281
-57.69157137702155
-57.672912925945866
-57.65192401315012
-57.628659822034614
-57.603174039042926
-57.57551880661125
-57.54574468454661
-57.51390061925906
-57.4800339202768
-57.444190243482076
-57.406413580518716
-57.36674625383901
-57.32522891687714
-57.28190055885852
-57.236798513778346
-57.1899584731078
-57.14141450181268
-57.09119905729616
-57.0393430109042
-56.985875671659464
-56.93082481191622
-56.87421669465509
-56.81607610216234
-56.75642636586314
-56.695289397102655
-56.632685718691896
-56.56863449705751
-56.50315357485608
-56.4362595039338
-56.36796757853162
-56.29829186865447
-56.2272452535405
-56.15483945518283
-56.081085071872174
-56.00599161174342
-55.92956752632359
-55.85182024409217
-55.77275620407763
-55.692380889526476
-55.61069886169298
-55.527713793809404
-55.44342850530753
-55.357844996373295
-55.270964482926935
-55.18278743213139
-55.09331359854223
-55.002542061022375
-54.91047126055516
-54.81709903909949
-54.72242267964079
-54.62643894760196
-54.52914413378846
-54.430534099052174
-54.33060432086892
-54.229349942034965
-54.126765821698086
-54.02284658894935
-53.91758669921181
-53.81098049367267
-53.70302226201525
-53.5937063087167
-53.48302702318669
-53.37097895403074
-53.25755688772964
-53.142755932033566
-53.026571604374865
-52.908999925608164
-52.790037519388825
-52.669681717501646
-52.54793067144991
-52.424783470610514
-52.30024026725337
-52.17430240871219
-52.04697257697832
-51.918254935969685
-51.78815528670149
-51.656681230554696
-51.52384234080065
-51.38965034249589
-51.254119300808824
-51.11726581777906
-50.97910923744042
-50.83967185915859
-50.69897915894421
-50.55706001840085
-50.41394696085425
-50.26967639408456
-50.1242888589458
-49.97782928300755
-49.83034723819204
-49.681897201206006
-49.53253881538179
-49.3823371523466
-49.23136297173435
-49.0796929769426
-48.92741006471977
-48.77460356614789
-48.62136947636676
-48.467810670169996
-48.314037100396305
-48.160165975845324
-48.0063219152715
-47.8526370738575
-47.699251238446735
-47.5463118877291
-47.39397421353146
-47.24240109937171
-47.09176305249853
-46.94223808576506
-46.794011545878746
-46.647275884836866
-46.50223037170171
-46.35908074229349
-46.21803878488395
-46.079321860558686
-45.94315235757915
-45.809757079810076
-45.67936657007917
-45.552214370192345
-45.42853622022853
-45.30856920066828
-45.19255082185461
-45.080718066223525
-44.973306389656955
-44.87054868918122
-44.77267424503893
-44.679907645880576
-44.59246770643402
-44.51056638749706
-44.434407728444086
-44.36418680262885
-44.300088706090996
-44.242287589828635
-44.1909457455794
-44.1462127545611
-44.108224707966095
-44.07710350719202
-44.05295625083979
-44.0358747144369
-44.025934927670995
-44.02319685266991
-44.02770416556532
-44.039484142254594
-44.05854764795663
-44.084889228867716
-44.11848730298865
-44.15930444603632
-44.207287767292435
-44.26236936929564
-44.32446688446502
-44.393484081062184
-44.46931153036294
-44.55182732651993
-44.64089785035415
-44.73637856821211
-44.8381148570593
-44.945942847141175
-45.05969027381799
-45.17917733055768
-45.30421751553703
-45.43461846484231
-45.570182765860295
-45.71070874509686
-45.855991225336766
-46.005822247754345
-46.15999175528622
-46.31828823427445
-46.48049931207129
-46.646412308956684
-46.81581474334986
-46.98849478989104
-47.16424169052375
-47.34284611921955
-47.52410050145237
-47.70779928994824
-47.89373919860728
-48.081719396818585
-48.271541666666295
-48.46301052575711
-48.655933318588644
-48.85012027952476
-49.0453845705519
-49.24154229705999
-49.4384125049261
-49.63581716218025
-49.833581128502225
-50.03153211573834
-50.22950064253956
-50.42731998610831
-50.624826133902666
-50.82185773798517
-51.01825607451949
-51.2138650107144
-51.408530981291385
-51.602102976311635
-51.79443254194162
-51.98537379546594
-52.17478345557335
-52.36252088864923
-52.548448171508
-52.73243017069429
-52.91433463817607
-53.09403232294878
-53.27139709777142
-53.44630609996671
-53.61863988494199
-53.788282590829894
-53.95512211241183
-54.119050282276646
-54.27996305698611
-54.43776070587052
-54.59234799996561
-54.74363439852828
-54.891534230534624
-55.03596686857216
-55.17685689258712
-55.314134241038836
-55.44773434714365
-55.577598258059346
-55.703672735064
-55.82591033301739
-55.94426945765336
-56.05871439953385
-56.16921534379313
-56.275748355109435
-56.37829533765383
-56.47684397007772
-56.57138761590452
-56.66192520998292
-56.74846112193301
-56.83100499776906
-56.909571581108864
-56.98418051557768
-57.054856130180774
-57.12162720955329
-57.184526751096136
-57.24359171107459
-57.29886274179066
-57.35038392194402
-57.39820248227078
-57.44236852849623
-57.48293476356151
-57.51995621098578
-57.55348994110985
-57.58359480183674
-57.6103311553428
-57.6337606220832
-57.65394583326064
-57.67095019276892
-57.68483764946652
-57.695672480481406
-57.70351908609911
-57.708441796644124
-57.71050469162984
-57.70977143132738
-57.706305100788285
-57.70016806625159
-57.6914218437719
-57.68012697982252
-57.66634294355586
-57.65012803034214
-57.63153927615648
-57.610632382343425
-57.58746165025565
-57.5620799252402
-57.53453854942965
-57.504887322786736
-57.47317447184859
-57.439446625619524
-57.403748798069444
-57.366124376706665
-57.32661511670987
-57.28526114012201
-57.24210093963023
-57.19717138647817
-57.15050774208153
-57.10214367294251
-57.05211126848473
-57.000441061456065
-56.947162050573084
-56.892301725106364
-56.83588609113173
-56.7779396991971
-56.71848567317906
-56.65754574012658
-56.59514026091199
-56.53128826153103
-56.46600746491459
-56.39931432313447
-56.331224049904684
-56.26175065329757
-56.19090696861126
-56.118704691341314
-56.045154410224804
-55.97026564033983
-55.894046856257546
-55.816505525257135
-55.73764814062701
-55.65748025508777
-55.57600651438434
-55.49323069110609
-55.40915571880488
-55.32378372649175
-55.237116073603474
-55.14915338554084
-55.05989558989033
-54.969341953451455
-54.87749112020186
-54.784341150342385
-54.68988956057445
-54.594133365772045
-54.49706912222087
-54.398692972607186
-54.29900069294922
-54.19798774167398
-54.09564931105263
-53.99198038121765
-53.88697577699486
-53.780630227793374
-53.672938430805985
-53.56389511778164
-53.45349512564044
