0.09175415558668187
0.182847196677761
0.2733520666212595
0.3633269132560967
0.452701029414374
0.5411520884239138
0.6279976191355284
0.7121097879181809
0.7918553727612451
0.8650594862419984
0.9289904078661521
0.980362797544152
1.0153569836864096
1.0296526122435414
1.0184755200093643
0.9766571580072799
0.8987061905557325
0.7788920131776276
0.6113398655739626
0.3901369737502782
0.10944875696757134
-0.23635639134481629
-0.6525758565557839
-1.1440378578622215
-1.7149662218433641
-2.3688488658797073
-3.108314420983348
-3.935021665274097
-4.849566434387151
-5.851410389639783
-6.938835446952096
-8.10892681345395
-9.357586485885522
-10.679577802137555
-12.06860029136762
-13.517392737430715
-15.017861154381444
-16.561227361108696
-18.13819310420451
-19.73911425549095
-21.354179512590544
-22.973588234547993
-24.587722498457573
-26.18730909521931
-27.76356791033215
-29.308343877685573
-30.81422038242298
-32.27461257846589
-33.68383956317332
-35.03717473415728
-36.33087398684969
-37.56218175601036
-38.72931531694355
-39.83142827814199
-40.86855481636365
-41.84153688788348
-42.75193732308775
-43.60194228651317
-44.39425697627231
-45.13199858483512
-45.81859042302451
-46.45766073602098
-47.0529491630912
-47.60822308245171
-48.12720531761213
-48.61351393488602
-49.070614192063076
-49.50178214465008
-49.91007899780401
-50.29833501091892
-50.66914160656686
-51.02485028669278
-51.367576993382855
-51.69921064559775
-52.02142471548112
-52.335690860120366
-52.64329378278225
-52.94534665136109
-53.24280654418673
-53.53648952039867
-53.827085021946
-54.11516940664982
-54.40121848746484
-54.685619013552746
-54.96867907582536
-55.25063745513693
-55.53167195717331
-55.81190679603732
-56.091419100120255
-56.37024462042571
-56.648382724217164
-56.92580075663973
-57.20243785058861
-57.47820826117596
-57.75300429616505
-58.026698908067026
-58.299148007512386
-58.57019255122634
-58.83966045160759
-59.10736834864674
-59.37312327880374
-59.636724269554435
-59.89796388265933
-60.156629723842265
-60.412505931525224
-60.665374652581384
-60.91501750877252
-61.16121705366281
-61.40375821637979
-61.64242972565564
-61.87702550515489
-62.10734602919953
-62.33319962665261
-62.55440371992113
-62.77078598578074
-62.98218542498758
-63.18845332839499
-63.38945412848691
-63.58506612681905
-63.77518208975501
-63.9597097070212
-64.13857190990146
-64.31170704826681
-64.4790689280062
-64.64062671271422
-64.79636469563137
-64.94628194976248
-65.09039186577067
-65.22872158862216
-65.36131136501969
-65.48821381439862
-65.60949313667436
-65.72522427003446
-65.83549201188842
-65.9403901156514
-66.04002037538174
-66.13449170945424
-66.22391925347226
-66.30842347154199
-66.38812929388905
-66.46316528762743
-66.53366286632317
-66.59975554285923
-66.66157822902454
-66.71926658423715
-66.77295641488243
-66.82278312491083
-66.86888121759998
-66.91138384774645
-66.95042242300961
-66.98612625268262
-67.01862224180634
-67.0480346282658
-67.07448476030757
-67.09809091178178
-67.11896813233753
-67.13722812977569
-67.15297918178194
-67.16632607431706
-67.1773700640251
-67.18620886212624
-67.19293663738445
-67.19764403587614
-67.20041821543003
-67.20134289275693
-67.20049840143828
-67.19796175909161
-67.19380674217658
-67.1881039670473
-67.1809209759918
-67.17232232712836
-67.16236968714982
-67.15112192602074
-67.13863521283758
-67.12496311216043
-67.11015668021382
-67.09426456043703
-67.07733307793856
-67.05940633247754
-67.0405262896554
-67.02073287005665
-67.00006403612552
-66.97855587660989
-66.95624268844125
-66.93315705595438
-66.90932992737922
-66.88479068856388
-66.85956723390991
-66.83368603452
-66.80717220357502
-66.78004955897114
-66.7523406832591
-66.72406698093789
-66.69524873316237
-66.66590514993122
-66.63605441982595
-66.60571375737597
-66.57489944812689
-66.54362689149127
-66.51191064146194
-66.479764445268
-66.44720128005392
-66.41423338766067
-66.38087230758721
-66.34712890820863
-66.31301341632602
-66.27853544512043
-66.24370402058172
-66.20852760648026
-66.17301412794737
-66.13717099372757
-66.10100511716337
-66.06452293597074
-66.02773043086063
-65.99063314305955
-65.95323619077963
-65.91554428468596
-65.87756174240666
-65.83929250212873
-65.80074013532037
-65.76190785861792
-65.72279854491387
-65.68341473367974
-65.64375864055563
-65.60383216623646
-65.56363690468262
-65.52317415068119
-65.48244490678152
-65.44144988962793
-65.40018953570973
-65.35866400654777
-65.31687319333474
-65.27481672104497
-65.2324939520278
-65.18990398909744
-65.14704567813047
-65.1039176101807
-65.06051812312003
-65.01684530281216
-64.972896983825
-64.92867074968612
-64.8841639326842
-64.83937361321833
-64.79429661869545
-64.74892952197519
-64.70326863935958
-64.65731002812448
-64.61104948358737
-64.56448253570545
-64.51760444519633
-64.47041019917194
-64.42289450627526
-64.37505179130753
-64.3268761893322
-64.2783615392402
-64.22950137675944
-64.18028892688957
-64.13071709574108
-64.08077846175611
-64.03046526628601
-63.97976940349858
-63.92868240958545
-63.877195451238016
-63.82529931335715
-63.77298438595952
-63.72024065024026
-63.66705766374856
-63.61342454462936
-63.55932995488067
-63.50476208257219
-63.449708622966845
-63.39415675848204
-63.33809313742308
-63.281503851415586
-63.22437441145849
-63.166689722512935
-63.10843405653608
-63.0495910238617
-62.99014354282185
-62.93007380749582
-62.86936325346355
-62.807992521431004
-62.745941418584906
-62.683188877522376
-62.61971291258916
-62.55549057344643
-62.49049789567185
-62.42470984818447
-62.35810027726597
-62.29064184693183
-62.22230597538553
-62.15306276726642
-62.08288094137738
-62.01172775355176
-61.93956891428953
-61.86636850076075
-61.79208886273914
-61.716690521990024
-61.640132064594624
-61.56237002564626
-61.48335876570285
-61.40305033832404
-61.32139434795945
-61.238337797386464
-61.153824923820984
-61.06779702274171
-60.980192258377244
-60.89094545970446
-60.799987900694795
-60.70724706342193
-60.61264638250773
-60.51610496923177
-60.41753731346236
-60.316852961380675
-60.21395616676328
-60.10874551335909
-60.00111350564188
-59.8909461249365
-59.77812234760172
-59.66251362160258
-59.543983297414556
-59.422386008768235
-59.29756699825917
-59.16936138230952
-59.037593349368386
-58.90207528457038
-58.76260681332905
-58.61897375551574
-58.47094698095606
-58.318281155956825
-58.16071336944626
-57.99796162605949
-57.82972319212095
-57.65567277895558
-57.4754605462941
-57.28870990671891
-57.0950151101236
-56.893938585034725
-56.68500801137966
-56.4677130969018
-56.24150202696202
-56.00577755498264
-55.75989269837734
-55.503146002597944
-55.23477633410318
-54.953957161874676
-54.6597902869316
-54.351298980617926
-54.02742049591838
-53.68699792259289
-53.328771367689846
-52.95136845957398
-52.55329419803968
-52.132920208045796
-51.68847350354037
-51.21802493511882
-50.71947758636885
-50.190555505482266
-49.62879331925179
-49.03152748554261
-48.395890208588334
-47.71880738054392
-46.997002333711364
-46.22700769934665
-45.40518827382076
-44.527778483259524
-43.59093878780051
-42.59083612271274
-41.523754141979346
-40.38623946151401
-39.175290073843264
-37.888591318731386
-36.52480284891734
-35.083896453436004
-33.567538893565995
-31.979505661649124
-30.326100695879163
-28.616544127684275
-26.863276714628295
-25.08211871965309
-23.29221697001868
-21.515721548447388
-19.77715677452598
-18.10249014877859
-16.517952773140582
-15.048714973842703
-13.717557943619859
-12.543694290675182
-11.541872026571328
-10.721851483944898
-10.088284664940584
-9.64096686958717
-9.375384486210768
-9.283457984569484
-9.354375935131797
-9.575429454042554
-9.932779574133844
-10.412115661093846
-10.999186032794471
-11.68019968189918
-12.442109758222347
-13.272795869448045
-14.16116455791531
-15.097186864406412
-16.07188986926146
-17.077316381256495
-18.1064641024839
-19.15321296610008
-20.212247081191435
-21.278975870424453
-22.34945753250765
-23.420326852682848
-24.488728560123697
-25.552256832330087
-26.60890112151756
-27.656998183800567
-28.69518999484126
-29.72238710973536
-30.737736950976355
-31.740596472293966
-32.73050863780672
-33.70718216786484
-34.67047402971506
-35.620374188473924
-36.55699217841086
-37.48054510324533
-38.391346724392584
-39.28979734544236
-40.17637424749905
-41.05162247157503
-41.916145779668994
-42.770597654634386
-43.61567222014826
-44.45209497627077
-45.28061325400253
-46.10198629513275
-46.916974863164896
-47.72633028919772
-48.5307828556153
-49.331029422850875
-50.12772021311832
-50.921444682839756
-51.712716445674666
-52.501957253762384
-53.28948010908062
-54.07547166232702
-54.85997416520227
-55.64286737367648
-56.423850952734234
-57.20242810198168
-57.97789129693071
-58.7493112082766
-59.51553000107617
-60.275160302198316
-61.02659112871031
-61.76800196198007
-62.497385905811456
-63.212582465111986
-63.91131992411908
-64.59126661258735
-65.25008957387357
-65.88551836628008
-66.49541103414494
-67.07781878113354
-67.63104565766739
-68.15369970016373
-68.64473244817336
-69.10346457823258
-69.52959643995014
-69.9232034326045
-70.28471727676538
-70.61489518383082
-70.91477960910045
-71.18565164056936
-71.42898112550928
-71.64637641224242
-71.83953615598506
-72.0102050879426
-72.16013505576245
-72.29105207711638
-72.40462965340532
-72.50246819393234
-72.58608011113216
-72.65687995984275
-72.71617889471378
-72.76518269189579
-72.80499260543809
-72.83660838801337
-72.86093288502514
-72.87877769935699
-72.89086951264198
-72.8978567323843
-72.90031620923504
-72.89875983360565
-72.89364087521695
-72.88535997355781
-72.87427072247213
-72.86068481935499
-72.84487676993867
-72.82708815457215
-72.80753147232858
-72.78639358616898
-72.76383879655974
-72.74001157305938
-72.71503897400564
-72.68903278398017
-72.66209139754682
-72.63430147610912
-72.6057394028096
-72.5764725583415
-72.54656043846468
-72.51605563198486
-72.48500467601374
-72.45344880350976
-72.42142459641799
-72.38896455619245
-72.35609760209289
-72.3228495063977
-72.2892432745566
-72.25529947731266
-72.22103654094279
-72.18647100098839
-72.15161772416415
-72.11649010253232
-72.08110022350384
-72.04545901876754
-72.0095763948471
-71.9734613476346
-71.93712206294454
-71.90056600486632
-71.8637999934615
-71.82683027315169
-71.78966257296747
-71.75230215967734
-71.71475388468338
-71.67702222545586
-71.63911132217953
-71.6010250101976
-71.56276684876451
-71.52434014655329
-71.48574798430643
-71.44699323497017
-71.40807858160886
-71.36900653335928
-71.3297794396518
-71.29039950289753
-71.25086878981571
-71.2111892415543
-71.17136268273798
-71.13139082956171
-71.09127529703332
-71.05101760545675
-71.01061918623626
-70.9700813870727
-70.92940547661458
-70.88859264861918
-70.84764402567303
-70.80656066251491
-70.76534354900014
-70.72399361274026
-70.68251172144848
-70.64089868501804
-70.59915525735745
-70.5572821380042
-70.51527997353597
-70.47314935879669
-70.43089083795242
-70.38850490539103
-70.34599200647776
-70.30335253817768
-70.26058684955497
-70.21769524215763
-70.17467797029572
-70.13153524122005
-70.08826721520782
-70.04487400556066
-70.00135567852035
-69.95771225310662
-69.91394370088103
-69.87004994564069
-69.82603086304462
-69.781886280176
-69.73761597504225
-69.6932196760155
-69.64869706121489
-69.60404775783242
-69.55927134140364
-69.51436733502412
-69.46933520851245
-69.42417437752061
-69.37888420259172
-69.33346398816559
-69.28791298153202
-69.2422303717316
-69.19641528840354
-69.15046680058029
-69.10438391542775
-69.0581655769306
-69.01181066452153
-68.96531799165297
-68.91868630431017
-68.87191427946402
-68.82500052346164
-68.77794357035313
-68.73074188015221
-68.68339383702852
-68.63589774742914
-68.58825183812668
-68.54045425419109
-68.49250305688217
-68.44439622145948
-68.39613163490631
-68.34770709356376
-68.29912030067132
-68.25036886380951
-68.20145029224021
-68.15236199414002
-68.10310127372162
-68.05366532823776
-68.00405124486232
-67.95425599744249
-67.90427644311568
-67.8541093187846
-67.80375123744322
-67.7531986843464
-67.70244801301486
-67.65149544106744
-67.60033704587151
-67.54896876000205
-67.49738636649953
-67.44558549391583
-67.39356161113697
-67.34131002197077
-67.28882585948654
-67.23610408009367
-67.18313945734451
-67.12992657544658
-67.07645982246784
-67.02273338321805
-66.9687412317878
-66.91447712372599
-66.85993458783506
-66.80510691756209
-66.74998716196228
-66.69456811621001
-66.63884231163084
-66.58280200522621
-66.5264391686606
-66.46974547667885
-66.41271229491925
-66.35533066708555
-66.29759130143867
-66.23948455656573
-66.18100042638163
-66.12212852431487
-66.06285806662582
-66.00317785480208
-65.94307625697157
-65.88254118826953
-65.82156009009086
-65.76011990815431
-65.69820706929931
-65.6358074569304
-65.57290638501742
-65.50948857055317
-65.44553810436163
-65.38103842014233
-65.31597226162698
-65.25032164771451
-65.18406783544008
-65.11719128062155
-65.04967159601455
-64.98148750679248
-64.91261680315333
-64.8430362898375
-64.7727217323231
-64.70164779944464
-64.62978800215909
-64.55711462815886
-64.48359867200475
-64.40920976042237
-64.33391607237333
-64.25768425347695
-64.1804793243189
-64.10226458213984
-64.02300149534949
-63.94264959025824
-63.86116632936019
-63.77850698043634
-63.69462447567478
-63.609469259924545
-63.522989127111224
-63.43512904374321
-63.34583095832742
-63.25503359539052
-63.16267223266445
-63.068678459841664
-62.972979917134346
-62.87550001167922
-62.77615760961461
-62.67486670141411
-62.571536037789535
-62.46606873316945
-62.358361833414875
-62.24830584404439
-62.13578421480122
-62.02067277589761
-61.90283912070838
-61.78214192904699
-61.65843022443219
-61.53154255792876
-61.40130611020766
-61.26753570240106
-61.130032705107496
-60.98858383350794
-60.8429598149587
-60.692913913600535
-60.538180294429694
-60.3784722068734
-60.2134799651521
-60.04286869953704
-59.86627584895966
-59.683308361225045
-59.49353956223767
-59.296505650067246
-59.09170176325165
-58.87857756532639
-58.656532279042544
-58.42490909393004
-58.18298885960797
-57.929982964357016
-57.66502528376504
-57.38716306755858
-57.095346613892666
-56.7884175592984
-56.46509558920068
-56.12396334861296
-55.76344930577665
-55.38180829406908
-54.97709943106777
-54.5471610908596
-54.08958259065842
-53.60167225188101
-53.08042151854654
-52.522464876262774
-51.92403543360437
-51.28091623372999
-50.58838769914151
-49.84117213430265
-49.033376998183876
-48.15843981659138
-47.20907926775258
-46.17725931138314
-45.054176435332025
-43.830284367043724
-42.495376107759924
-41.03874994825281
-39.44949400659712
-37.71693207006685
-35.83128048312366
-33.7845683119433
-31.571865465352136
-29.192837201451955
-26.653587157622965
-23.96865423085508
-21.162890654698877
-18.27279281772792
-15.34674230465461
-12.443632570727713
-9.62958867656269
-6.972940535206365
-4.538162816297152
-2.3799186501132445
-0.5384196420344953
0.9630266270297845
2.1180272213472464
2.9350430744565172
3.434026222721807
3.642610667907037
3.5925492794320544
3.316812048461578
2.8474932195010267
2.214484189786394
1.4447689113630764
0.5621699898334628
-0.4126116962347387
-1.4617876871719981
-2.5701905870147947
-3.7249572215367417
-4.915219481162308
-6.131820013152995
-7.3670598233869375
-8.614478973202898
-9.868668474651656
-11.125110123133322
-12.380040624198397
-13.630336501661361
-14.87341663557258
-16.107159713067407
-17.32983430122547
-18.540039632147714
-19.736655514401193
-20.918800052139648
-22.085794069441565
-23.237131310377826
-24.372453622677554
-25.49153044148315
-26.594241975479303
-27.680565565621126
-28.75056474095532
-29.804380540150486
-30.84222470430021
-31.86437437880848
-32.871167991702805
-33.8630020040435
-34.840328256193054
-35.80365166204443
-36.753528031848305
-37.690561832550756
-38.61540372173
-39.528747716254465
-40.431327878550654
-41.32391442081727
-42.207309139817994
-43.08234010152924
-43.94985549583442
-44.8107165770507
-45.665789597272855
-46.51593662778965
-47.36200515119558
-48.204816295893494
-49.04515157868343
-49.88373802393547
-50.721231544000936
-51.558198500241026
-52.39509542311472
-53.23224695924163
-54.06982223913243
-54.90781002627255
-55.745993219196805
-56.58392353203963
-57.4208974688674
-58.25593501780432
-59.0877627970568
-59.91480364897225
-60.73517485080142
-61.54669713300118
-62.34691650555349
-63.13314043477201
-63.90248915357519
-64.65196183092566
-65.37851602706488
-66.07915743667847
-66.75103554493009
-67.39153970050901
-67.99838945527266
-68.56971299671126
-69.10410818324904
-69.6006820410337
-70.05906643107639
-70.47940969071243
-70.86234609533794
-71.20894669793694
-71.52065628291113
-71.79922172254504
-72.04661696605282
-72.264969329955
-72.45649085588163
-72.62341743346842
-72.76795730901006
-72.89224963327115
-72.9983329164309
-73.08812268358045
-73.16339725587908
-73.22579039381918
-73.27678949245214
-73.31773807386756
-73.34984144295893
-73.37417452814839
-73.39169109624959
-73.40323369404658
-73.40954381849942
-73.41127194749822
-73.40898717191348
-73.40318625772886
-73.39430203604563
-73.38271107115801
-73.36874059538592
-73.35267472652389
-73.33476000199647
-73.31521027516305
-73.29421102541556
-73.27192313616291
-73.24848619460906
-73.22402136526625
-73.19863388605378
-73.17241523209589
-73.14544498829815
-73.11779246769258
-73.08951810856067
-73.06067467957686
-73.03130831872132
-73.00145942852254
-72.97116344731516
-72.94045151363021
-72.90935103855976
-72.87788619893459
-72.8460783623983
-72.81394645393164
-72.7815072720502
-72.74877576174728
-72.71576525025739
-72.68248765085762
-72.64895363918424
-72.61517280590628
-72.58115378905191
-72.54690438881445
-72.51243166726344
-72.47774203504127
-72.44284132683126
-72.40773486712989
-72.37242752763967
-72.33692377741347
-72.30122772672254
-72.26534316548427
-72.22927359696916
-72.19302226740672
-72.15659219202406
-72.1199861779779
-72.08320684457733
-72.04625664114062
-72.00913786278313
-71.97185266439315
-71.93440307301817
-71.89679099885475
-71.85901824500954
-71.82108651617698
-71.78299742636054
-71.74475250574784
-71.70635320683593
-71.66780090989083
-71.62909692781503
-71.59024251048709
-71.55123884863012
-71.51208707725853
-71.47278827874678
-71.43334348555854
-71.39375368267014
-71.35401980971822
-71.31414276289817
-71.27412339663664
-71.23396252505917
-71.19366092327125
-71.15321932846939
-71.11263844089676
-71.07191892465663
-71.0310614083952
-70.99006648586429
-70.94893471637323
-70.90766662513848
-70.8662627035383
-70.8247234092794
-70.78304916648152
-70.74124036568546
-70.69929736378938
-70.65722048391791
-70.6150100152278
-70.57266621265381
-70.53018929659807
-70.48757945256538
-70.44483683074756
-70.40196154555841
-70.35895367512191
-70.3158132607149
-70.27254030616612
-70.22913477721264
-70.18559660081505
-70.1419256644322
-70.09812181525635
-70.05418485940932
-70.01011456110004
-69.96591064174397
-69.92157277904451
-69.8771006060363
-69.8324937100906
-69.78775163188237
-69.74287386431875
-69.6978598514285
-69.65270898721185
-69.6074206144501
-69.56199402347409
-69.51642845089063
-69.47072307826603
-69.42487703076529
-69.37888937574586
-69.33275912130456
-69.28648521477609
-69.24006654118146
-69.19350192162466
-69.14679011163554
-69.0999297994569
-69.0529196042736
-69.00575807438133
-68.95844368529255
-68.91097483777686
-68.86334985583315
-68.81556698459026
-68.7676243881333
-68.7195201472519
-68.67125225710704
-68.62281862481265
-68.57421706692783
-68.52544530685559
-68.4765009721435
-68.42738159168167
-68.37808459279276
-68.32860729820902
-68.27894692293044
-68.2291005709583
-68.17906523189767
-68.12883777742233
-68.07841495759497
-68.02779339703525
-67.97696959092792
-67.92593990086253
-67.87470055049599
-67.8232476210286
-67.77157704648366
-67.71968460878004
-67.66756593258687
-67.61521647994815
-67.56263154466512
-67.50980624642295
-67.45673552464761
-67.40341413207807
-67.34983662803782
-67.29599737138898
-67.24189051315078
-67.18750998876357
-67.13284950997783
-67.07790255634671
-67.02266236629892
-66.96712192776744
-66.91127396834796
-66.8551109449591
-66.79862503297448
-66.74180811479516
-66.6846517678281
-66.62714725183469
-66.56928549561032
-66.51105708295363
-66.4524522378809
-66.39346080903809
-66.33407225325944
-66.27427561821813
-66.21405952411024
-66.15341214430907
-66.09232118492237
-66.03077386317966
-65.96875688457175
-65.90625641865815
-65.84325807345219
-65.7797468682862
-65.71570720505163
-65.65112283770102
-65.58597683988918
-65.52025157062155
-65.45392863776686
-65.38698885927963
-65.31941222196508
-65.25117783760543
-65.18226389625094
-65.1126476164629
-65.04230519227679
-64.9712117366347
-64.89934122101332
-64.82666641095007
-64.75315879714358
-64.67878852177513
-64.60352429966585
-64.52733333384894
-64.45018122509728
-64.37203187490321
-64.29284738136032
-64.2125879273434
-64.13121166032532
-64.04867456310367
-63.96493031463932
-63.87993014012794
-63.793622649337856
-63.70595366214773
-63.61686602010796
-63.52629938272641
-63.43419000704151
-63.34047050889252
-63.2450696041241
-63.1479118277697
-63.04891722904172
-62.948001039712864
-62.84507331319927
-62.74003853134765
-62.632795175580426
-62.52323525865989
-62.41124381288773
-62.296698330052955
-62.179468147870125
-62.059413777001794
-61.936386162021805
-61.81022586883719
-61.680762190129556
-61.54781215928497
-61.4111794620329
-61.27065323358584
-61.126006727433825
-60.97699584006828
-60.82335747375051
-60.664807716955785
-60.50103981926239
-60.331721934156356
-60.15649459941437
-59.97496792032893
-59.786718415954255
-59.59128548266885
-59.388167422542644
-59.176816976116804
-58.95663629008528
-58.7269712398191
-58.48710501448624
-58.236250858458526
-57.97354384651343
-57.69803155177416
-57.4086634441351
-57.1042788328716
-56.783593140086516
-56.44518226159292
-56.08746473899988
-55.708681431773456
-55.3068723421166
-54.879850210827236
-54.42517047246997
-53.940097139001985
-53.421564181378336
-52.8661320122176
-52.269938759622654
-51.62864619253473
-50.93738045470142
-50.19066824893269
-49.382369871817616
-48.505611649279224
-47.55272202228326
-46.515177981643596
-45.383571998161585
-44.14761431885262
-42.79619177711511
-41.31751228526171
-39.69937389299241
-37.92960813455376
-35.99675776672733
-33.891055511829975
-31.60576664562664
-29.13893348926785
-26.49549885723527
-23.689672186417113
-20.747230632271545
-17.707242158753058
-14.622532809331826
-11.5582176802988
-8.587893604362508
-5.787671769738273
-3.2289509945567683
-0.9713828104414151
0.9424447909066955
2.4895597315366844
3.6661745799860723
4.48484515407036
4.970249206624081
5.15465178564043
5.073857159954777
4.764071515451197
4.259771624557714
3.592463506356333
2.790122039733549
1.8770929979624942
0.8742734533165681
-0.20056481235748747
-1.3323983538235067
-2.5085749165389015
-3.718464178945575
-4.953148357065292
-6.205155266217622
-7.4682315348762565
-8.737151516595357
-10.007556854611664
-11.275821860612876
-12.538940423745368
-13.79443082018824
-15.040255423516712
-16.274752868840434
-17.496580684680026
-18.704666779591022
-19.898168467056337
-21.076437945402144
-22.2389933319029
-23.38549449248364
-24.515723019190442
-25.62956579381649
-26.727001643253978
-27.80809064471888
-28.872965680584677
-29.921825876173507
-30.9549315820146
-31.972600586888813
-32.97520527111821
-33.96317043227733
-34.936971538588644
-35.89713318903523
-36.844227583540345
-37.778872830880765
-38.70173094545425
-39.61350540554715
-40.514938164219885
-41.40680601830338
-42.289916250453665
-43.165101463252796
-44.03321352290389
-44.89511652356174
-45.75167867271405
-46.60376298478589
-47.45221665637736
-48.2978589849855
-49.14146768710603
-49.98376347538489
-50.825392772879965
-51.66690848112997
-52.50874878386876
-53.3512140664606
-54.19444216884472
-55.03838237222036
-55.882768749657096
-56.7270937867375
-57.57058349205686
-58.41217555153938
-59.250502406054444
-60.083881406454275
-60.91031436859435
-61.72749884803075
-62.53285321236226
-63.32355705069873
-64.09660759249638
-64.8488916240288
-65.57727096170737
-66.27867800576614
-66.95021645339988
-67.589261129204
-68.19355031624366
-68.76126410702993
-69.29108319717665
-69.78222413898295
-70.23444915182175
-70.64805085384003
-71.02381440872898
-71.36296128529406
-71.66707991424327
-71.93804892680905
-72.1779584232669
-72.38903398520321
-72.5735670990496
-72.7338544891451
-72.87214772664316
-72.99061349920879
-73.0913041580019
-73.17613762069968
-73.24688538728903
-73.30516728432794
-73.3524515502427
-73.39005896594708
-73.4191698838145
-73.44083318365008
-73.4559763647828
-73.4654161541154
-73.46986916237535
-73.46996225091917
-73.46624237844824
-73.45918578211123
-73.44920641304809
-73.43666359532286
-73.42186891232959
-73.4050923488926
-73.38656773286432
-73.36649752912952
-73.34505704326416
-73.32239809303883
-73.29865220456817
-73.2739333870041
-73.24834053585856
-73.2219595107622
-73.19486492903133
-73.1671217120384
-73.13878641720153
-73.10990838450768
-73.08053072290936
-73.05069115870101
-73.02042276508845
-72.98975458959828
-72.95871219371341
-72.92731811714107
-72.89559227739248
-72.8635523138551
-72.83121388423979
-72.79859092016534
-72.76569584767736
-72.73253977766862
-72.69913267045553
-72.6654834781541
-72.63160026797536
-72.59749032911175
-72.56316026550275
-72.52861607643962
-72.49386322668893
-72.45890670757453
-72.42375109025258
-72.38840057223923
-72.35285901810019
-72.31712999508365
-72.28121680436807
-72.2451225085027
-72.20884995553804
-72.1724018002749
-72.13578052300161
-72.09898844603838
-72.06202774836426
-72.02490047856531
-71.98760856631004
-71.95015383253114
-71.91253799846864
-71.87476269370919
-71.83682946333892
-71.79873977431177
-71.7604950211225
-71.72209653086189
-71.6835455677225
-71.64484333701412
-71.60599098874133
-71.56698962078895
-71.52784028175581
-71.48854397347213
-71.44910165323206
-71.40951423576897
-71.36978259499796
-71.32990756554747
-71.28988994409902
-71.24973049055237
-71.20942992903139
-71.16898894874409
-71.12840820470906
-71.08768831835918
-71.04682987803224
-71.00583343935715
-70.96469952554368
-70.92342862758262
-70.88202120436264
-70.8404776827095
-70.79879845735282
-70.7569838908247
-70.71503431329464
-70.67295002234407
-70.63073128268412
-70.58837832581932
-70.54589134966004
-70.50327051808598
-70.46051596046281
-70.41762777111373
-70.37460600874765
-70.33145069584548
-70.2881618180056
-70.24473932324966
-70.20118312128947
-70.15749308275596
-70.11366903839041
-70.0697107781987
-70.02561805056861
-69.98139056135058
-69.93702797290166
-69.89252990309285
-69.84789592427941
-69.80312556223386
-69.75821829504126
-69.71317355195626
-69.66799071222104
-69.62266910384356
-69.57720800233518
-69.53160662940654
-69.48586415162065
-69.439979679002
-69.39395226360023
-69.34778089800687
-69.30146451382372
-69.25500198008086
-69.20839210160275
-69.16163361732016
-69.11472519852597
-69.06766544707247
-69.02045289350778
-68.97308599514884
-68.92556313408815
-68.87788261513148
-68.83004266366324
-68.78204142343648
-68.73387695428406
-68.68554722974697
-68.63705013461643
-68.5883834623852
-68.53954491260409
-68.49053208813893
-68.44134249232313
-68.39197352600068
-68.34242248445426
-68.29268655421268
-68.24276280973143
-68.19264820994019
-68.14233959465018
-68.09183368081449
-68.0411270586335
-67.99021618749757
-67.93909739175821
-67.88776685631912
-67.83622062203703
-67.78445458092266
-67.73246447113077
-67.68024587172819
-67.62779419722747
-67.57510469187362
-67.5221724236702
-67.46899227813044
-67.415558951738
-67.36186694510123
-67.30791055578342
-67.25368387079101
-67.1991807586998
-67.14439486139872
-67.08931958542877
-67.03394809289361
-66.97827329191666
-66.92228782661792
-66.86598406658182
-66.80935409578571
-66.75238970095623
-66.69508235931895
-66.63742322570386
-66.57940311896705
-66.52101250768592
-66.4622414950824
-66.40307980312522
-66.3435167557591
-66.28354126120445
-66.22314179326766
-66.16230637159708
-66.10102254081534
-66.03927734845333
-65.97705732160556
-65.91434844222037
-65.85113612093205
-65.78740516933449
-65.72313977058812
-65.65832344824366
-65.5929390331564
-65.52696862835501
-65.46039357171757
-65.39319439629563
-65.32535078811354
-65.25684154125649
-65.18764451004427
-65.1177365580708
-65.04709350387083
-64.97569006295363
-64.90349978592172
-64.83049499236678
-64.75664670020788
-64.68192455010667
-64.60629672456074
-64.52972986123963
-64.45218896008744
-64.37363728367075
-64.29403625020129
-64.21334531860781
-64.13152186497031
-64.04852104956291
-63.964295673676034
-63.87879602530563
-63.79196971270418
-63.70376148468509
-63.61411303645667
-63.52296279963343
-63.43024571492844
-63.33589298586977
-63.23983181170367
-63.141985097444895
-63.042271138807514
-62.94060327949409
-62.8368895380337
-62.73103220103497
-62.62292737935449
-62.512464523267454
-62.39952589225923
-62.283985974526445
-62.165710850674124
-62.0445574954117
-61.920373010272755
-61.79299377949676
-61.66224454019997
-61.52793735680708
-61.38987048839366
-61.24782713607556
-61.10157405584464
-60.95086002025632
-60.79541411008067
-60.63494381438867
-60.469132914502
-60.29763912372278
-60.1200914507038
-59.93608724963042
-59.74518891496082
-59.546920172191214
-59.340761908841166
-59.12614748143259
-58.90245742448533
-58.66901347626967
-58.42507182301582
-58.16981544823512
-57.90234545649479
-57.621671221137916
-57.32669918279639
-57.01622009989272
-56.68889452354296
-56.343236237401506
-55.97759336835562
-55.59012683737002
-55.17878578270883
-54.741279552847395
-54.275045837938436
-53.77721449354037
-53.244566618986724
-52.67348850121298
-52.05992014677612
-51.39929833494181
-50.68649448319373
-49.915748194457436
-49.08059825175083
-48.17381417559991
-47.18733344035764
-46.112212283440556
-44.93860200722109
-43.65576806294199
-42.25217629022342
-40.71567960408462
-39.0338489820993
-37.19450392387306
-35.18650743680145
-33.00089453824752
-30.632393075633708
-28.08135833632722
-25.356061437432494
-22.47513117290975
-19.469752875570986
-16.385019283831937
-13.27970638687799
-10.223846885334996
-7.293891991484813
-4.565941938550255
-2.108244326467501
0.025442230472037863
1.8001878831848985
3.2011904462665104
4.2321771627247
4.9117533117516485
5.2688250013990805
5.338103340707747
5.156347787915848
4.759623843730548
4.1815596590687285
3.4524251302033155
2.5988050833402214
1.6436538178212046
0.6065638636913555
-0.49586754925549226
-1.6496475247675193
-2.843013223004951
-4.066094105831398
-5.310617535902866
-6.569657379170369
-7.837421791187231
-9.10907508419606
-10.380588466092119
-11.648614896206237
-12.910383964170673
-14.16361338225988
-15.406434302967776
-16.637328201431135
-17.855073493765634
-19.05870040704189
-20.247452888266103
-21.42075655221623
-22.578191833566443
-23.719471637534284
-24.844422883405656
-25.95297141312852
-27.045129797787407
-28.120987622258344
-29.180703866046095
-30.22450102902281
-31.252660676866387
-32.26552010437832
-33.26346983707327
-34.24695171357101
-35.216457314022655
-36.1725265232404
-37.11574604110283
-38.04674767652709
-38.96620628389785
-39.87483722122509
-40.77339322635193
-41.66266062025566
-42.5434547541393
-43.41661461921488
-44.282996534895766
-45.143466823103786
-45.99889336465815
-46.85013591991805
-47.698035082276284
-48.54339972266994
-49.38699277960921
-50.22951525669663
-51.07158831336131
-51.913733380445414
-52.756350306807505
-53.599693652919925
-54.443847398769556
-55.28869853098558
-56.13391021979024
-56.978895586878366
-57.822793390014354
-58.66444728826236
-59.502390670225054
-60.33483927976259
-61.159694000093715
-61.97455609042406
-62.77675684239805
-63.563402984055294
-64.33143818550202
-65.07771974182846
-65.79910801723882
-66.49256468939683
-67.15525444857906
-67.78464381942517
-68.37859039721211
-68.93541616293923
-69.45395968033732
-69.93360376386636
-70.374277398016
-70.7764329678513
-71.14100190389976
-71.46933338581583
-71.76312163163666
-72.02432749213285
-72.25509965538694
-72.45769990557152
-72.63443576506026
-72.78760266548265
-72.91943668937584
-73.03207799772997
-73.12754435760493
-73.20771371407618
-73.27431448908493
-73.32892219734887
-73.37296100199738
-73.4077089477747
-73.43430577161145
-73.45376237130769
-73.46697119330689
-73.47471696746517
-73.47768736337042
-73.47648326631868
-73.47162847149178
-73.46357867389787
-73.4527296918431
-73.43942490604809
-73.42396192793451
-73.40659853177837
-73.38755789870771
-73.36703322788935
-73.34519177330921
-73.32217836457981
-73.29811846819297
-73.27312084232307
-73.24727983422744
-73.22067736488297
-73.19338464101915
-73.16546363034458
-73.13696833163416
-73.10794586751814
-73.0784374243252
-73.04847906019049
-73.01810239983747
-72.98733523196526
-72.95620202299496
-72.92472435902502
-72.89292132618874
-72.86080983817035
-72.8284049183939
-72.79571994332792
-72.76276685242694
-72.72955632943854
-72.69609795912551
-72.66240036286932
-72.62847131612315
-72.59431785025528
-72.55994634095869
-72.52536258509072
-72.49057186753951
-72.45557901948605
-72.42038846923562
-72.38500428662569
-72.3494302218751
-72.31366973961707
-72.27772604875484
-72.24160212868915
-72.20530075239054
-72.16882450672416
-72.13217581037861
-72.09535692970209
-72.05836999270842
-72.02121700147947
-71.98389984316063
-71.9464202997195
-71.90878005661568
-71.8709807105099
-71.83302377612452
-71.79491069235252
-71.75664282769985
-71.71822148513556
-71.6796479064143
-71.64092327592826
-71.60204872413819
-71.5630253306275
-71.5238541268179
-71.48453609838046
-71.44507218737225
-71.40546329412489
-71.36571027890864
-71.32581396339266
-71.28577513192003
-71.24559453261395
-71.20527287832974
-71.16481084746566
-71.12420908464428
-71.08346820127475
-71.0425887760054
-71.00157135507486
-70.96041645256938
-70.91912455059305
-70.87769609935688
-70.83613151719219
-70.7944311904933
-70.75259547359387
-70.71062468858071
-70.66851912504873
-70.62627903980024
-70.58390465649126
-70.54139616522757
-70.49875372211267
-70.45597744874962
-70.41306743169865
-70.37002372189193
-70.326846334007
-70.2835352458
-70.24009039739953
-70.1965116905622
-70.15279898789042
-70.10895211201284
-70.0649708447281
-70.0208549261118
-69.9766040535871
-69.93221788095877
-69.8876960174106
-69.84303802646586
-69.79824342491065
-69.75331168167942
-69.70824221670217
-69.6630343997127
-69.61768754901692
-69.57220093022048
-69.52657375491454
-69.48080517931862
-69.4348943028792
-69.38884016682269
-69.3426417526613
-69.29629798065012
-69.24980770819377
-69.20316972820052
-69.15638276738211
-69.10944548449694
-69.06235646853435
-69.01511423683759
-68.96771723316286
-68.92016382567154
-68.87245230485284
-68.82458088137363
-68.77654768385214
-68.72835075655208
-68.67998805699341
-68.63145745347596
-68.58275672251153
-68.53388354616028
-68.48483550926667
-68.43561009659003
-68.38620468982461
-68.3366165645036
-68.28684288678126
-68.2368807100871
-68.1867269716456
-68.13637848885443
-68.08583195551431
-68.03508393790224
-67.98413087068054
-67.93296905263261
-67.88159464221661
-67.83000365292725
-67.77819194845539
-67.72615523763479
-67.67388906916433
-67.62138882609355
-67.56864972005857
-67.51566678525475
-67.46243487213123
-67.4089486407922
-67.35520255408822
-67.30119087038011
-67.24690763595693
-67.19234667708808
-67.13750159168863
-67.08236574057531
-67.02693223828935
-66.97119394346065
-66.91514344868615
-66.85877306989347
-66.80207483515875
-66.74504047294586
-66.68766139973158
-66.6299287069791
-66.57183314741938
-66.51336512059741
-66.45451465763696
-66.39527140517447
-66.3356246084088
-66.27556309321024
-66.21507524722733
-66.15414899992622
-66.09277180149192
-66.03093060051575
-65.9686118203875
-65.90580133430461
-65.84248443880387
-65.77864582571372
-65.71426955241768
-65.6493390103099
-65.58383689131539
-65.51774515233612
-65.4510449774739
-65.38371673786781
-65.31573994897121
-65.24709322507802
-65.17775423089263
-65.10769962991954
-65.0369050294299
-64.96534492174096
-64.892992621521
-64.8198201988071
-64.74579840739473
-64.67089660822757
-64.59508268738143
-64.51832296819931
-64.44058211709239
-64.36182304247659
-64.28200678626328
-64.20109240726687
-64.11903685582958
-64.035794838895
-63.951318674685325
-63.86555813605191
-63.7784602814741
-63.68996927257573
-63.600026176910696
-63.50856875463766
-63.41553122755668
-63.32084402881602
-63.2244335314129
-63.126221753404835
-63.026126037515745
-62.924058702559435
-62.81992666380839
-62.713631019103694
-62.60506659712687
-62.494121463830275
-62.38067638254279
-62.26460422272344
-62.14576931171788
-62.02402672317073
-61.89922149494802
-61.77118776851326
-61.63974784066163
-61.50471111732958
-61.36587295783805
-61.22301339637086
-61.075895725703404
-60.92426492614474
-60.767845920295755
-60.606341631507725
-60.439430820791486
-60.266765673310196
-60.08796910140953
-59.90263172630682
-59.710308494969254
-59.510514882237345
-59.302722620753144
-59.08635489256925
-58.86078090626163
-58.62530977173745
-58.379183571487694
-58.12156951153237
-57.85155101747551
-57.56811762065974
-57.2701534561318
-56.956424167798325
-56.625561986666035
-56.276048715507116
-55.90619631806832
-55.514124773952624
-55.09773682323637
-54.65468919064432
-54.182359852421236
-53.677810897364
-53.13774654827538
-52.55846596865405
-51.935810607391
-51.26510606906845
-50.541098893053515
-49.7578892571879
-48.90886159724112
-47.986616594585676
-46.98291011965474
-45.888607763974235
-44.69366782822887
-43.38717135589928
-41.9574252687523
-40.392173967443256
-38.678965615043154
-36.80573063793509
-34.76163918756649
-32.53830626781596
-30.131398831727772
-27.542654326530904
-24.7822275235207
-21.871129235208645
-18.843315909377612
-15.746787278201186
-12.642960206481531
-9.603746462872286
-6.7062468780405915
-4.0256981767275875
-1.6279938910512795
0.43660185314174704
2.137216223954793
3.463036834686535
4.42120230503866
5.03285668923448
5.3285033831375515
5.343609175992549
5.115036720289434
4.678511269533415
4.067062035641284
3.310242442318873
2.4338990530290467
1.460283720528833
0.4083519703576963
-0.705859362104555
-1.8688409916357585
-3.069242519359566
-4.297542765318189
-5.545764002122818
-6.80722873300945
-8.076354752509928
-9.348483263624546
-10.619734882981696
-11.886888890648434
-13.147281763229202
-14.398721708333134
-15.639416524376259
-16.86791261902592
-18.083043433294367
-19.283885847483546
-20.469723404028215
-21.6400153844952
-22.794370935453674
-23.93252756036302
-25.054333389771802
-26.159732716090836
-27.248754336843977
-28.321502295526564
-29.378148645239744
-30.418927889819248
-31.444132782504713
-32.45411118515828
-33.449263713085266
-34.43004191264313
-35.396946741595706
-36.35052714566276
-37.291378548583914
-38.220141096548105
-39.137497520057764
-40.04417049609145
-40.940919409693954
-41.828536425904296
-42.70784178954696
-43.57967827155644
-44.44490467633065
-45.30438831577337
-46.158996343394435
-47.00958582787064
-47.85699243222564
-48.702017555314185
-49.54541379035776
-50.38786856539315
-51.22998585795552
-52.07226592713515
-52.9150830868583
-53.75866166150615
-54.60305042486053
-55.44809603019061
-56.29341619408147
-57.13837369492752
-57.982052576504536
-58.82323828476406
-59.660403776297436
-60.49170387050159
-61.31498021295657
-62.127779106577336
-62.927384084236415
-63.71086439357507
-64.47513952855651
-65.21705861283728
-65.93349192254396
-66.62143030208098
-67.27808689774282
-67.90099474698552
-68.48809351939953
-69.03779922636352
-69.54905199267627
-70.0213388701591
-70.45469090937458
-70.84965596688329
-71.20725069302108
-71.5288965709988
-71.81634562853789
-72.0716015109742
-72.29684109058297
-72.49434086107077
-72.6664112234486
-72.8153405898233
-72.94335015445702
-73.05255929493983
-73.14496090935013
-73.22240556722738
-73.28659312602596
-73.33907039966773
-73.3812335173878
-73.41433373793885
-73.43948565192684
-73.45767688736545
-73.46977861220283
-73.47655629117523
-73.47868029681838
-73.47673609363177
-73.4712338106306
-73.46261709276773
-73.45127117867827
-73.43753019386398
-73.42168367769555
-73.40398238210106
-73.38464339181306
-73.36385462246879
-73.34177875524094
-73.31855666623683
-73.29431040658146
-73.26914578559851
-73.24315460534478
-73.2164165903077
-73.18900105160175
-73.16096832066863
-73.13237098340689
-73.10325494188997
-73.07366032740666
-73.04362228547981
-73.01317165078014
-72.98233552743123
-72.95113778807846
-72.91959950323844
-72.8877393108331
-72.85557373441362
-72.82311745737209
-72.79038355939656
-72.75738372053006
-72.724128397424
-72.69062697571664
-72.6568879019016
-72.62291879756711
-72.58872655847247
-72.55431744057364
-72.51969713480715
-72.48487083218234
-72.44984328051088
-72.41461883391295
-72.3792014960782
-72.34359495812082
-72.30780263175038
-72.27182767837846
-72.2356730346947
-72.19934143517197
-72.1628354318965
-72.12615741206461
-72.08930961344126
-72.05229413803492
-72.01511296420985
-71.97776795742625
-71.94026087977447
-71.90259339844664
-71.86476709327097
-71.82678346341737
-71.78864393336912
-71.75034985824335
-71.71190252853265
-71.67330317433071
-71.63455296909788
-71.59565303301474
-71.55660443596673
-71.51740820019735
-71.47806530266304
-71.43857667711897
-71.39894321596176
-71.35916577185186
-71.31924515913602
-71.27918215508791
-71.23897750098294
-71.1986319030215
-71.15814603311351
-71.1175205295357
-71.07675599747154
-71.03585300944341
-70.9948121056448
-70.95363379418006
-70.91231855121829
-70.87086682106724
-70.82927901617259
-70.78755551704734
-70.7456966721357
-70.70370279761521
-70.6615741771407
-70.61931106153307
-70.57691366841577
-70.53438218180136
-70.49171675163048
-70.44891749326504
-70.40598448693758
-70.36291777715802
-70.31971737207932
-70.27638324282323
-70.23291532276679
-70.18931350679075
-70.14557765049024
-70.10170756934836
-70.05770303787298
-70.013563788697
-69.96928951164206
-69.92487985274586
-69.88033441325278
-69.83565274856751
-69.79083436717148
-69.74587872950138
-69.70078524678935
-69.65555327986394
-69.61018213791112
-69.56467107719439
-69.51901929973286
-69.47322595193616
-69.42729012319491
-69.38121084442535
-69.33498708656654
-69.2886177590285
-69.24210170808954
-69.19543771524086
-69.14862449547637
-69.10166069552552
-69.05454489202683
-69.00727558963958
-68.95985121909125
-68.91227013515753
-68.86453061457222
-68.8166308538638
-68.76856896711524
-68.72034298364359
-68.67195084559559
-68.62339040545534
-68.57465942345979
-68.52575556491763
-68.47667639742697
-68.42741938798673
-68.37798189999654
-68.32836119013962
-68.27855440514274
-68.22855857840715
-68.1783706265037
-68.12798734552555
-68.07740540729073
-68.02662135538712
-67.97563160105145
-67.92443241887364
-67.8730199423173
-67.82139015904657
-67.76953890604904
-67.71746186454364
-67.66515455466207
-67.61261232989125
-67.55983037126386
-67.50680368128296
-67.45352707756606
-67.39999518619288
-67.34620243474026
-67.29214304498649
-67.23781102526617
-67.18320016245579
-67.12830401356852
-67.07311589693565
-67.01762888295042
-66.96183578434868
-66.90572914599865
-66.84930123417061
-66.79254402525532
-66.73544919389762
-66.6780081005095
-66.62021177812467
-66.56205091855362
-66.50351585779556
-66.44459656066044
-66.38528260455098
-66.32556316235089
-66.26542698436177
-66.20486237922675
-66.14385719377454
-66.0823987917123
-66.02047403109101
-65.9580692404604
-65.89517019362472
-65.83176208290371
-65.76782949079544
-65.70335635992988
-65.63832596119296
-65.57272085989142
-65.50652287981826
-65.43971306506721
-65.37227163943186
-65.30417796321194
-65.23541048723388
-65.16594670387667
-65.09576309487622
-65.02483507566153
-64.95313693595483
-64.88064177634409
-64.8073214405101
-64.73314644276229
-64.65808589050565
-64.58210740122637
-64.50517701354617
-64.42725909185242
-64.34831622396499
-64.26830911124908
-64.18719645052606
-64.1049348070711
-64.02147847791628
-63.936779344599366
-63.850786714412344
-63.76344714910649
-63.6747042799036
-63.584498607542635
-63.49276728595692
-63.399443888027065
-63.30445815168667
-63.20773570446976
-63.1091977643775
-63.008760814704175
-62.906336250195764
-62.80182999161293
-62.695142065431405
-62.58616614502928
-62.474789049277256
-62.36089019395732
-62.24434099087885
-62.12500418892948
-62.00273315057991
-61.877371056544206
-61.74875003036545
-61.61669017363249
-61.480998501317735
-61.34146776533414
-61.197875152814355
-61.049980843784574
-60.897526410802
-60.74023304070508
-60.57779955583792
-60.40990020889592
-60.236182221828756
-60.05626303494903
-59.869727227436115
-59.67612306468618
-59.47495862131507
-59.26569742092541
-59.047753524837326
-58.820485991663936
-58.583192617677476
-58.33510285412249
-58.07536978173611
-57.80306100446199
-57.51714830342608
-57.21649586843162
-56.899846897337596
-56.56580832363525
-56.21283339946079
-55.83920182564961
-55.44299708326525
-55.02208058419322
-54.574062225048486
-54.096266903941604
-53.585696551636815
-53.038987249654426
-52.45236107647493
-51.82157246664544
-51.14184912627433
-50.407827979513776
-49.61348730508786
-48.752077271523284
-47.81605264511208
-46.797013722188694
-45.68566477183296
-44.47180375188426
-43.14436307681933
-41.69152901068824
-40.1009768796431
-38.360270350241265
-36.45748421455068
-34.38211852814027
-32.12637182387585
-29.686822515668673
-27.066515611025853
-24.27734905524457
-21.342489994479195
-18.298341479043437
-15.195388684628215
-12.097198982201622
-9.077065162161851
-6.212320466864135
-3.57709616629645
-1.2349334387581652
0.7671379806710474
2.4018307205730878
3.661731112901909
4.556783534621966
5.1101377604359195
5.353485706982845
5.32278025791551
5.054844353038298
4.585019765734475
3.945762653515497
3.1659777041982213
2.270861790176697
1.28205927366841
0.21798110572939788
-0.9058111853942967
-2.076216263025172
-3.282230348192563
-4.5146251428037205
-5.765669772930675
-7.028894678005577
-8.298892899023299
-9.571153491603452
-10.841921963248922
-12.108083205195484
-13.367063079774663
-14.616745494424995
-15.85540238330153
-17.081634509527838
-18.2943213990218
-19.492579032588708
-20.675724170880745
-21.843244380331676
-22.994772978799922
-24.130068236752127
-25.24899626081802
-26.351517057306413
-27.43767332845233
-28.507581597545236
-29.561425293790773
-30.599449456402496
-31.62195674219766
-32.629304443669
-33.621902246493924
-34.60021047765163
-35.564738618213944
-36.516043878463066
-37.45472965685252
-38.38144372769898
-39.29687602436243
-40.20175590392076
-41.09684879488342
-41.982952140401316
-42.86089055509399
-43.731510113801036
-44.59567168550875
-45.454243216157366
-46.308090851301614
-47.15806877556472
-48.00500763299926
-48.84970138401987
-49.692892454394666
-50.53525504452807
-51.377376498365564
-52.219736686821605
-53.06268544727356
-53.90641824499123
-54.75095039023907
-55.5960903600827
-56.44141303687953
-57.28623398040801
-58.12958618355857
-58.97020109744531
-59.80649601265361
-60.636570097501824
-61.458211458558324
-62.26891743454131
-63.06592989849391
-63.846286581374805
-64.60688833791711
-65.34458090346736
-66.05624815580856
-66.73891238073634
-67.38983577169255
-68.0066166068326
-68.58727343334056
-69.13031124662662
-69.63476504973816
-70.10021814799121
-70.52679479891263
-70.9151290694957
-71.26631364072894
-71.58183361301738
-71.8634909940105
-72.11332550621127
-72.33353675171813
-72.52641179335954
-72.69426104999026
-72.83936423316253
-72.96392700359901
-73.07004817800107
-73.15969670079961
-73.23469720527223
-73.29672279370763
-73.34729362490745
-73.38777996494724
-73.41940849344421
-73.44327082953846
-73.46033342460491
-73.47144814541439
-73.47736303168762
-73.4787328504582
-73.47612918473159
-73.47004988632229
-73.46092779458925
-73.44913867686161
-73.43500838563367
-73.41881925497405
-73.4008157766165
-73.38120960709679
-73.36018396291142
-73.33789746248037
-73.31448747286538
-73.29007301661899
-73.26475729048964
-73.23862984347465
-73.21176845724573
-73.18424076751167
-73.15610566058956
-73.12741447542736
-73.0982120376124
-73.0685375485359
-73.03842534986583
-73.00790558079834
-72.97700474319142
-72.94574618760939
-72.9141505314958
-72.8822360191185
-72.85001883156761
-72.81751335391
-72.78473240558914
-72.75168743928691
-72.71838871271497
-72.68484543716038
-72.65106590606003
-72.61705760640727
-72.58282731539063
-72.54838118432015
-72.51372481160189
-72.47886330626943
-72.44380134336551
-72.4085432122834
-72.37309285901989
-72.33745392315727
-72.30162977027697
-72.26562352040874
-72.22943807303501
-72.19307612909839
-72.15654021039785
-72.11983267670671
-72.08295574089973
-72.04591148233806
-72.00870185872671
-71.97132871663132
-71.93379380081531
-71.89609876253802
-71.85824516693563
-71.82023449959107
-71.78206817238534
-71.74374752871115
-71.70527384811929
-71.66664835045948
-71.62787219957
-71.5889465065634
-71.54987233275014
-71.510650692237
-71.4712825542325
-71.4317688450882
-71.39211045010093
-71.35230821509863
-71.31236294782956
-71.27227541917256
-71.23204636418424
-71.19167648299688
-71.15116644157983
-71.11051687237536
-71.06972837481906
-71.02880151575383
-70.98773682974524
-70.94653481930582
-70.90519595503436
-70.86372067567638
-70.82210938811075
-70.78036246726732
-70.73848025597962
-70.69646306477657
-70.65431117161646
-70.61202482156641
-70.56960422642989
-70.52704956432476
-70.48436097921409
-70.44153858039157
-70.39858244192317
-70.35549260204675
-70.31226906253056
-70.26891178799205
-70.22542070517768
-70.18179570220465
-70.13803662776509
-70.09414329029318
-70.0501154570955
-70.00595285344498
-69.9616551616382
-69.91722202001635
-69.87265302194936
-69.82794771478312
-69.78310559874933
-69.73812612583734
-69.69300869862761
-69.64775266908572
-69.60235733731638
-69.55682195027624
-69.51114570044459
-69.46532772445057
-69.41936710165585
-69.37326285269103
-69.32701393794446
-69.2806192560017
-69.2340776420338
-69.18738786613251
-69.14054863159038
-69.09355857312339
-69.046416255034
-68.99912016931187
-68.95166873366964
-68.90406028951115
-68.85629309982878
-68.80836534702684
-68.76027513066784
-68.71202046513767
-68.6635992772263
-68.61500940361965
-68.56624858829873
-68.51731447984127
-68.46820462862127
-68.41891648390143
-68.36944739081316
-68.31979458721858
-68.26995520044845
-68.21992624391005
-68.16970461355812
-68.11928708422198
-68.06867030578132
-68.01785079918304
-67.96682495229047
-67.91558901555655
-67.8641390975114
-67.81247116005454
-67.76058101354128
-67.70846431165218
-67.65611654603389
-67.60353304069886
-67.55070894617073
-67.49763923336134
-67.44431868716455
-67.39074189975092
-67.33690326354653
-67.28279696387806
-67.22841697126506
-67.17375703333924
-67.11881066636921
-67.06357114636775
-67.00803149975721
-66.95218449356689
-66.89602262513482
-66.83953811128404
-66.78272287694197
-66.725568543169
-66.66806641456009
-66.61020746598092
-66.55198232859726
-66.49338127515325
-66.43439420445138
-66.3750106249833
-66.31521963765734
-66.255009917564
-66.1943696947172
-66.13328673370383
-66.07174831216929
-66.00974119806152
-65.94725162554965
-65.88426526952752
-65.82076721860489
-65.75674194648188
-65.69217328159397
-65.62704437490558
-65.56133766572104
-65.4950348453706
-65.42811681861784
-65.36056366262206
-65.29235458327535
-65.22346786871894
-65.15388083982678
-65.08356979742629
-65.01250996600601
-64.94067543363843
-64.86803908782184
-64.79457254691903
-64.72024608684134
-64.64502856259493
-64.56888732427055
-64.49178812701942
-64.41369503451502
-64.33457031535279
-64.25437433178766
-64.17306542015082
-64.09059976222305
-64.00693124676991
-63.922011320365144
-63.835788826539776
-63.748209832196274
-63.65921744011721
-63.56875158627557
-63.47674882051696
-63.38314206903107
-63.2878603768583
-63.19082862848559
-63.091967244369606
-62.991191850983434
-62.88841292171003
-62.78353538559858
-62.67645820065343
-62.56707388793341
-62.455268022297176
-62.34091867512804
-62.2238958038035
-62.10406058202863
-61.98126466441803
-61.855349377874916
-61.72614483136234
-61.59346893457279
-61.457126314757794
-61.31690711955417
-61.17258569200994
-61.02391910213784
-60.87064551716945
-60.71248239020273
-60.5491244440789
-60.38024142402892
-60.205475588825124
-60.02443890577621
-59.83670990981782
-59.64183018106488
-59.43930038837559
-59.2285758385833
-59.00906146191009
-58.78010615349297
-58.54099637871332
-58.2909489358839
-58.029102753557524
-57.75450958100761
-57.466123409026366
-57.16278843385111
-56.84322534958817
-56.50601572391062
-56.149584178238754
-55.77217805761767
-55.371844238225556
-54.94640268393496
-54.493416331067976
-54.01015685799746
-53.49356589223775
-52.9402112353998
-52.34623776574017
-51.707312838349644
-51.0185662869443
-50.27452559973378
-49.46904758066981
-48.59524893449518
-47.64543988757038
-46.61106738127744
-45.48267780371674
-44.24991394858927
-42.901567200775816
-41.42571406515379
-39.80997607161154
-38.04195329313969
-36.10989269725325
-34.00365998856498
-31.71608112186706
-29.244696459805574
-26.593910960745564
-23.77741066589867
-20.820541565386737
-17.76213409909098
-14.655079082338412
-11.564944143863706
-8.566191066099792
-5.7361435669485825
-3.147605139928324
-0.8616130366726646
1.0780847894748102
2.6477259844310543
3.8431520410599616
4.6769268884427735
5.174017654058579
5.367143534540563
5.292623744464593
4.987164843778775
4.4856852811417305
3.8200556779889623
3.018537469003228
2.1056935850572174
1.1025813758848408
0.027088848494589035
-1.1056770584051228
-2.2830041776278622
-3.4942188842266786
-4.730371613308883
-5.983966330693891
-7.248731276260478
-8.519426210039036
-9.79168086975413
-11.061859619615888
-12.326947877187465
-13.584456599405486
-14.832341767868279
-16.068936386828515
-17.292892982475923
-18.50313497475016
-19.69881559588653
-20.879283267444613
-22.044052532871444
-23.19277978684327
-24.32524315471423
-25.441325962503125
-26.541003305597705
-27.624331277237225
-28.691438459498286
-29.74251931298413
-30.777829129243354
-31.797680234243
-32.80243915370827
-33.79252447311368
-34.76840514741712
-35.73059903865447
-36.67967148318756
-37.61623371423857
-38.54094098853114
-39.45449028735478
-40.357617481048116
-41.2510938606919
-42.13572195083906
-43.01233052182703
-43.88176871946345
-44.74489922397262
-45.60259033988228
-46.45570690542
-47.3050998959668
-48.15159458380119
-48.995977109052156
-49.838979318486565
-50.68126174427446
-51.52339462976047
-52.36583696974775
-53.208913625511876
-54.05279070625763
-54.89744958462317
-55.74266013751363
-56.58795407438968
-57.43259952625127
-58.275578404183904
-59.11556836930479
-59.95093154584317
-60.77971230206159
-61.5996464551531
-62.40818405742846
-63.202527430699064
-63.97968529568602
-64.73654269704176
-65.46994501388546
-66.17679279972495
-66.8541427060892
-67.49930854289909
-68.10995584669598
-68.68418334432319
-69.22058549196741
-69.71829178199745
-70.17698055310245
-70.5968673225608
-70.9786698524993
-71.32355396389816
-71.63306531123592
-71.90905283774795
-72.15358948009667
-72.36889501187825
-72.5572648916846
-72.72100780687047
-72.86239344676109
-72.98361102084708
-73.08673822881683
-73.17371981378274
-73.246354476412
-73.30628876270706
-73.35501651882583
-73.3938825885934
-73.42408957400582
-73.44670665441728
-73.46267964286784
-73.47284163243691
-73.47792374222118
-73.47856560698865
-73.47532536559784
-73.46868899192361
-73.4590788805783
-73.44686165101126
-73.4323551705913
-73.41583482284628
-73.39753906367307
-73.37767431818966
-73.35641927575564
-73.33392864196108
-73.31033640519306
-73.28575867258391
-73.26029612636337
-73.2340361473409
-73.20705464776395
-73.17941765135723
-73.15118265409477
-73.12239979528103
-73.09311286486708
-73.06336016962423
-73.03317527783871
-73.00258765956532
-72.97162323716375
-72.94030485881399
-72.90865270593916
-72.87668464392893
-72.84441652422734
-72.81186244470169
-72.77903497422034
-72.74594534651794
-72.71260362769691
-72.67901886108807
-72.64519919265831
-72.61115197969363
-72.57688388509416
-72.54240095928202
-72.50770871143598
-72.47281217152192
-72.4377159443784
-72.4024242569375
-72.36694099950826
-72.33126976191878
-72.29541386520118
-72.25937638940813
-72.22316019806702
-72.1867679597083
-72.15020216684397
-72.11346515272062
-72.07655910612758
-72.03948608450213
-72.0022480255419
-71.96484675750592
-71.92728400836204
-71.88956141391763
-71.85168052505263
-71.81364281415841
-71.77544968087307
-71.73710245719177
-71.69860241202122
-71.65995075523858
-71.62114864130776
-71.58219717249938
-71.5430974017556
-71.50385033523543
-71.46445693457233
-71.42491811887233
-71.38523476647718
-71.34540771651474
-71.30543777025585
-71.26532569229532
-71.22507221157217
-71.18467802224305
-71.14414378442105
-71.10347012479083
-71.06265763711002
-71.02170688260541
-70.98061839027216
-70.93939265708276
-70.8980301481124
-70.85653129658614
-70.81489650385333
-70.77312613929362
-70.73122054015886
-70.68918001135454
-70.64700482516415
-70.60469522091937
-70.5622514046189
-70.51967354849815
-70.47696179055201
-70.4341162340126
-70.39113694678359
-70.34802396083244
-70.3047772715421
-70.2613968370229
-70.21788257738578
-70.1742343739774
-70.13045206857791
-70.08653546256166
-70.04248431602127
-69.99829834685517
-69.95397722981863
-69.90952059553837
-69.86492802949027
-69.82019907094023
-69.77533321184737
-69.73032989572935
-69.68518851648899
-69.63990841720147
-69.5944888888612
-69.54892916908751
-69.5032284407878
-69.45738583077721
-69.41140040835336
-69.3652711838246
-69.31899710699045
-69.27257706557228
-69.22600988359254
-69.17929431970065
-69.13242906544318
-69.08541274347644
-69.03824390571887
-68.9909210314407
-68.94344252528829
-68.8958067152402
-68.848011850492
-68.80005609926661
-68.75193754654669
-68.70365419172549
-68.65520394617249
-68.60658463070952
-68.55779397299327
-68.50882960479963
-68.45968905920512
-68.41036976766011
-68.3608690569489
-68.31118414603057
-68.26131214275496
-68.21125004044723
-68.16099471435442
-68.1105429179469
-68.05989127906727
-68.00903629591868
-67.95797433288423
-67.90670161616876
-67.85521422925318
-67.80350810815193
-67.75157903646253
-67.69942264019633
-67.64703438237851
-67.59440955740469
-67.54154328514089
-67.48843050475257
-67.43506596824778
-67.38144423371843
-67.32755965826256
-67.27340639056975
-67.21897836315023
-67.16426928418745
-67.10927262899222
-67.05398163103517
-66.99838927253309
-66.94248827456249
-66.8862710866725
-66.82972987596706
-66.77285651562447
-66.71564257281999
-66.65807929601506
-66.60015760157413
-66.54186805966707
-66.48320087941279
-66.42414589321581
-66.36469254024468
-66.30482984899712
-66.24454641889278
-66.18383040083036
-66.12266947664084
-66.06105083736378
-65.9989611602679
-65.93638658453135
-65.8733126854904
-65.80972444735836
-65.74560623430884
-65.680941759809
-65.61571405407956
-65.54990542954815
-65.48349744415205
-65.41647086233446
-65.3488056135655
-65.28048074820518
-65.21147439051015
-65.14176368856924
-65.07132476093423
-65.00013263969211
-64.928161209703
-64.85538314370329
-64.78176983294684
-64.70729131302761
-64.63191618449461
-64.55561152783393
-64.47834281235359
-64.40007379846277
-64.32076643278906
-64.24038073552369
-64.15887467932576
-64.0762040590506
-63.992322351494664
-63.90718056426856
-63.82072707281935
-63.73290744452346
-63.64366424865923
-63.55293685094374
-63.460661191178886
-63.366769542395694
-63.271190249711154
-63.173847446915936
-63.07466074859133
-62.973544915306455
-62.87040948916852
-62.76515839668515
-62.65768951554395
-62.547894201514545
-62.435656771225965
-62.32085393605969
-62.203354181817346
-62.08301708816177
-61.959692581079004
-61.83322011075352
-61.70342774627323
-61.570131177466834
-61.433132612902035
-61.292219561613926
-61.14716348446022
-60.99771829907927
-60.84361872021874
-60.68457841466183
-60.520287947048985
-60.3504124895154
-60.17458926416285
-59.9924246828755
-59.803491143773186
-59.60732343755795
-59.403414710018396
-59.191211918858855
-58.970110713643166
-58.739449656788885
-58.49850369099672
-58.24647674400968
-57.982493344905556
-57.70558910696547
-57.41469991026475
-57.10864959226926
-56.78613592673144
-56.44571464005129
-56.085781180226704
-55.70454991719809
-55.300030416064644
-54.87000038857475
-54.41197489723623
-53.92317136637503
-53.4004699548541
-52.84036888018847
-52.23893437475124
-51.59174513299261
-50.89383141951087
-50.139609516204146
-49.32281298333837
-48.43642341856328
-47.47260518554782
-46.42265116326275
-45.27695019855082
-44.02499192254663
-42.65543120319406
-41.156242944994574
-39.51500814335823
-37.71938341290018
-35.757816883824994
-33.62057964428979
-31.301176754436216
-28.79817358887889
-26.11740555953862
-23.27441558162664
-20.29677994585516
-17.225769607888108
-14.116634283718856
-11.03682208555982
-8.061776080216191
-5.26858322284391
-2.7284989400507995
-0.4998923467985601
1.3768451255132284
2.8814551146029515
4.012937036189335
4.786334965954068
5.228286413414316
5.372408691434038
5.255288890240771
4.913451710310195
4.38135542139158
3.6902697880103723
2.867812026981998
1.9379185973002322
0.9210714593264928
-0.16535132793958507
-1.306684669973359
-2.4905939018444707
-3.7067252918697324
-4.946399197440505
-6.202346961753305
-7.468488350143285
-8.739744580151186
-10.011881660363747
-11.281379107967172
-12.545319750497193
-13.801297011617809
-15.04733672716897
-16.281831094235066
-17.503482814407526
-18.711257860259607
-19.904345584672452
-21.082125120258578
-22.244137193574662
-23.390060616859287
-24.519692827325326
-25.632933927420886
-26.72977374435127
-27.8102814778514
-28.874597545242167
-29.922927265130998
-30.95553604819139
-31.972745787329544
-32.97493216186376
-33.962522592324625
-34.93599460490039
-35.89587438770801
-36.84273534481897
-37.777196477762395
-38.699920447201094
-39.61161118856487
-40.51301097350492
-41.404896823059104
-42.28807618756328
-43.16338181211226
-44.0316657046911
-44.89379211737223
-45.7506294401475
-46.60304089353596
-47.45187389217704
-48.297947939914096
-49.142040910812376
-49.984873574289
-50.82709224098598
-51.66924944487266
-52.511782642642615
-53.35499101044238
-54.19901055679424
-55.043787954586406
-55.889053727038494
-56.734295701075524
-57.57873395832116
-58.421298851386986
-59.2606139819265
-60.09498631424536
-60.92240576810912
-61.74055663083079
-62.54684288336891
-63.338428989467886
-64.11229681861893
-64.86531817532969
-65.59434096191289
-66.29628545050385
-66.96824568320125
-67.60758989209688
-68.21205325944784
-68.77981648699718
-69.30956456840487
-69.80052178016703
-70.25246101386654
-70.66568786401633
-71.04100203074118
-71.37964030603123
-71.68320649437302
-71.953594006067
-72.19290660748713
-72.40338205956327
-72.58732231241889
-72.7470327415783
-72.88477177056082
-73.00271123915638
-73.10290710781493
-73.18727955309934
-73.25760119097076
-73.31549202813143
-73.3624197429652
-73.39970399329972
-73.42852360022157
-73.44992563528827
-73.46483562073321
-73.47406822413599
-73.47833798210277
-73.4782697179072
-73.47440842508362
-73.46722847394925
-73.45714206337817
-73.44450688876198
-73.42963303193433
-73.41278910268986
-73.39420767684912
-73.37409008469622
-73.3526106077575
-73.32992014266486
-73.30614938932237
-73.28141161758047
-73.25580506272205
-73.22941499571658
-73.20231550971128
-73.17457105981121
-73.14623778899
-73.11736466905111
-73.08799448196862
-73.05816466369308
-73.02790802960787
-72.99725339825176
-72.96622612766032
-72.93484857669877
-72.90314050203276
-72.87111939988591
-72.83880080043717
-72.80619852159222
-72.7733248879008
-72.74019091956355
-72.70680649576194
-72.67318049593563
-72.63932092210999
-72.60523500493025
-72.5709292956766
-72.53640974620824
-72.50168177850513
-72.46675034523777
-72.43161998259107
-72.3962948563946
-72.36077880246185
-72.32507536191434
-72.289187812157
-72.25311919407814
-72.21687233596757
-72.1804498745779
-72.14385427369574
-72.10708784053892
-72.0701527402534
-72.03305100874576
-71.99578456405615
-71.95835521644892
-71.92076467737468
-71.88301456743748
-71.8451064234833
-71.80704170491092
-71.7688217992936
-71.73044802738856
-71.69192164760145
-71.65324385996502
-71.61441580968363
-71.575438590289
-71.53631324644711
-71.49704077645158
-71.4576221344345
-71.41805823232205
-71.37834994155938
-71.33849809462608
-71.2985034863615
-71.25836687511675
-71.21808898374864
-71.17767050046892
-71.13711207956092
-71.09641434197432
-71.0555778758077
-71.01460323668745
-70.97349094805078
-70.93224150133986
-70.89085535611316
-70.8493329400798
-70.80767464906165
-70.76588084688808
-70.72395186522705
-70.68188800335649
-70.63968952787904
-70.59735667238319
-70.5548896370534
-70.51228858823157
-70.46955365793185
-70.42668494331076
-70.38368250609412
-70.3405463719622
-70.29727652989449
-70.25387293147473
-70.21033549015759
-70.16666408049724
-70.12285853733867
-70.07891865497206
-70.03484418625045
-69.99063484167107
-69.94629028841995
-69.90181014938024
-69.85719400210355
-69.81244137774428
-69.76755175995635
-69.72252458375186
-69.67735923432093
-69.63205504581197
-69.58661130007152
-69.54102722534265
-69.49530199492065
-69.44943472576506
-69.4034244770664
-69.35727024876633
-69.31097098002957
-69.26452554766578
-69.21793276449976
-69.17119137768775
-69.12430006697791
-69.0772574429126
-69.03006204497007
-68.98271233964307
-68.93520671845157
-68.88754349588666
-68.83972090728277
-68.79173710661469
-68.74359016421616
-68.69527806441624
-68.64679870308973
-68.59814988511735
-68.54932932175171
-68.50033462788406
-68.45116331920737
-68.40181280927044
-68.35228040641762
-68.30256331060859
-68.25265861011196
-68.2025632780665
-68.15227416890303
-68.10178801462004
-68.05110142090534
-68.00021086309577
-67.94911268196651
-67.89780307934103
-67.84627811351214
-67.79453369446419
-67.74256557888553
-67.69036936496023
-67.63794048692681
-67.58527420939141
-67.53236562138189
-67.47920963012842
-67.42580095455564
-67.3721341184698
-67.31820344342414
-67.26400304124394
-67.20952680619199
-67.15476840675375
-67.09972127702014
-67.04437860764465
-66.98873333634964
-66.93277813795538
-66.87650541390319
-66.81990728124258
-66.76297556104994
-66.7057017662442
-66.64807708876243
-66.59009238605607
-66.53173816686527
-66.47300457622622
-66.41388137966298
-66.3543579465118
-66.29442323232219
-66.2340657602751
-66.17327360155384
-66.11203435459898
-66.05033512317291
-65.98816249315476
-65.92550250797932
-65.86234064262821
-65.79866177607339
-65.73445016206574
-65.66968939815317
-65.60436239280291
-65.5384513304932
-65.47193763462813
-65.40480192811776
-65.33702399145238
-65.26858271808561
-65.19945606692522
-65.12962101171374
-65.05905348706176
-64.98772833087682
-64.91561922290748
-64.84269861909816
-64.76893768142239
-64.69430620283254
-64.61877252693091
-64.54230346193052
-64.46486418843376
-64.38641816051293
-64.30692699952687
-64.22635038005437
-64.14464590726412
-64.06176898497438
-63.97767267358146
-63.89230753695352
-63.80562147729434
-63.71755955687984
-63.62806380545587
-63.53707301195864
-63.444522499077245
-63.35034387901819
-63.25446478865404
-63.15680860203819
-63.05729411804332
-62.955835220628806
-62.85234050895807
-62.74671289426681
-62.63884916002135
-62.528639481498104
-62.41596690045266
-62.300706750023465
-62.18272602442069
-62.06188268727575
-61.9380249117589
-61.810990244697244
-61.68060468592739
-61.54668167297682
-61.40902095986363
-61.267407377310846
-61.121609459957874
-60.97137792418469
-60.816443977901756
-60.65651744105485
-60.49128465259205
-60.32040613617709
-60.143513992933165
-59.96020898487717
-59.77005726735469
-59.57258672259331
-59.36728283932046
-59.153584075085895
-58.930876628310834
-58.69848853595434
-58.45568299981871
-58.2016508296632
-57.93550187419652
-57.656255291402225
-57.36282848725632
-57.05402452650019
-56.72851779059538
-56.38483762632805
-56.021349694036054
-55.63623468782398
-55.2274640628246
-54.79277236903758
-54.32962576162239
-53.835186240253755
-53.306271175343646
-52.73930772188167
-52.130281825135185
-51.47468171993457
-50.767436165105394
-50.0028482055688
-49.17452611271103
-48.27531444983266
-47.29723011757089
-46.23141097587326
-45.06808848225533
-43.79660102747787
-42.40547156861904
-40.88258191875882
-39.215486510448194
-37.39191981961864
-35.4005618934439
-33.23213134822526
-30.880867028833237
-28.346425691526356
-25.636146726555918
-22.76750050271188
-19.77034455409559
-16.688399875586224
-13.579221882454531
-10.512011796233407
-7.563000482869539
-4.80880989948732
-2.318932169501097
-0.14891376034022263
1.664274349146486
3.10384871193029
4.171866523322158
4.8857150017814766
5.273561202567201
5.369799042795476
5.211192299800061
4.834024079400645
4.272259462688128
3.5565541234778824
2.713880817227998
1.767556796672666
0.7374995073117743
-0.359410954484483
-1.5089396790772913
-2.699118887717555
-3.9199054408887104
-5.162881653153408
-6.420999512181032
-7.688364654727114
-8.960055018996403
-10.231968914906329
-11.500697680297948
-12.763418748712194
-14.017805645708057
-15.261952063290684
-16.494307701517556
-17.71362400829561
-18.9189083018321
-20.109385038915434
-21.28446321025854
-22.44370901405174
-23.58682309102748
-24.71362170704886
-25.824021349061287
-26.918026262385848
-27.995718505951114
-29.057250140572325
-30.10283719663975
-31.132755093962516
-32.14733521001208
-33.146962314993914
-34.13207261419117
-35.10315216055997
-36.06073542383684
-37.005403826224914
-37.93778407844585
-38.8585461726709
-39.76840090949245
-40.668096853545165
-41.55841662561812
-42.440172447338384
-43.31420085732342
-44.1813565151002
-45.04250500157097
-45.89851451340476
-46.750246335051514
-47.59854395831561
-48.444220708434
-49.28804573092022
-50.130728199343665
-50.97289962577261
-51.815094198624344
-52.65772714354639
-53.50107120838042
-54.34523151957689
-55.190119249647594
-56.035424775592375
-56.88059129420214
-57.724790182057895
-58.56689972647463
-59.40548917696848
-60.23881032988964
-61.06479900359829
-61.88108872094004
-62.685038622105644
-63.47377702896801
-64.24426114590355
-64.99335213394878
-65.7179033195187
-66.41485774803158
-67.08134987585356
-67.71480514791094
-68.31303075224237
-68.8742911255181
-69.39736283872735
-69.88156521611043
-70.32676520304508
-70.73335728801757
-71.10222137194519
-71.43466308938723
-71.73234204920357
-71.99719373183547
-72.23135042785695
-72.43706578164361
-72.61664640683873
-72.77239285470466
-72.90655109606834
-73.02127472653623
-73.11859737609318
-73.20041430820527
-73.26847190972812
-73.32436366346256
-73.36953121586374
-73.405269260368
-73.43273311525745
-73.45294805516163
-73.46681963659962
-73.47514442704374
-73.47862069630406
-73.47785875537404
-73.47339073096538
-73.46567964535097
-73.45512773336998
-73.44208397446701
-73.42685085038642
-73.40969036135218
-73.39082934763083
-73.3704641713174
-73.34876481665471
-73.32587846750442
-73.30193261875395
-73.27703777523743
-73.25128978774426
-73.22477187129742
-73.19755634639596
-73.16970613952701
-73.14127607508767
-73.11231398699049
-73.0828616746949
-73.05295572522385
-73.02262821988296
-72.99190734188454
-72.96081789886736
-72.92938177236779
-72.89761830461435
-72.86554463155632
-72.8331759697734
-72.80052586382395
-72.76760639965075
-72.73442838885711
-72.70100152797468
-72.6673345362509
-72.63343527497678
-72.59931085094051
-72.56496770622155
-72.53041169622115
-72.49564815755441
-72.46068196719632
-72.42551759407577
-72.3901591441423
-72.35461039978476
-72.31887485435755
-72.28295574246357
-72.24685606655275
-72.2105786203168
-72.17412600929458
-72.1375006690456
-72.10070488119969
-72.06374078764979
-72.02661040311786
-71.98931562629382
-71.95185824972039
-71.91423996857381
-71.87646238847103
-71.83852703241665
-71.80043534698856
-71.76218870784837
-71.72378842465183
-71.68523574542535
-71.6465318604659
-71.60767790581511
-71.56867496635189
-71.52952407854272
-71.49022623288391
-71.45078237606641
-71.41119341288983
-71.37146020794954
-71.331583587118
-71.29156433883882
-71.25140321525043
-71.21110093315399
-71.17065817483886
-71.13007558877743
-71.08935379019978
-71.04849336155768
-71.00749485288635
-70.96635878207171
-70.92508563502962
-70.8836758658036
-70.84212989658624
-70.80044811766945
-70.75863088732775
-70.71667853163895
-70.67459134424534
-70.63236958605904
-70.5900134849141
-70.54752323516803
-70.50489899725505
-70.4621408971931
-70.41924902604622
-70.37622343934433
-70.3330641564612
-70.28977115995228
-70.24634439485307
-70.20278376793908
-70.15908914694803
-70.11526035976463
-70.07129719356865
-70.0271993939463
-69.9829666639651
-69.93859866321236
-69.89409500679702
-69.84945526431463
-69.80467895877521
-69.75976556549347
-69.7147145109407
-69.6695251715579
-69.6241968725291
-69.57872888651411
-69.53312043233959
-69.48737067364725
-69.44147871749819
-69.39544361293163
-69.34926434947688
-69.30293985561667
-69.25646899720024
-69.20985057580437
-69.16308332704016
-69.11616591880357
-69.06909694946746
-69.02187494601247
-68.97449836209444
-68.92696557604543
-68.87927488880547
-68.83142452178193
-68.78341261463328
-68.73523722297365
-68.68689631599466
-68.63838777400045
-68.58970938585195
-68.5408588463159
-68.49183375331408
-68.44263160506787
-68.39324979713295
-68.34368561931868
-68.29393625248646
-68.2439987652209
-68.19387011036736
-68.14354712142914
-68.0930265088169
-68.04230485594292
-67.99137861515183
-67.94024410347966
-67.88889749823167
-67.83733483236979
-67.78555198969917
-67.73354469984338
-67.68130853299655
-67.62883889444063
-67.57613101881458
-67.52317996412222
-67.46998060546403
-67.41652762847758
-67.36281552247033
-67.30883857322732
-67.25459085547547
-67.2000662249847
-67.14525831028496
-67.09016050397715
-67.03476595361391
-66.97906755212534
-66.92305792776241
-66.86672943352961
-66.81007413607604
-66.75308380401218
-66.69574989561745
-66.63806354590115
-66.5800155529767
-66.52159636370662
-66.46279605857214
-66.4036043357187
-66.34401049412443
-66.28400341583557
-66.22357154720792
-66.16270287908966
-66.10138492587559
-66.0396047033578
-65.97734870529194
-65.91460287859252
-65.85135259706324
-65.78758263356197
-65.72327713049131
-65.65841956849765
-65.59299273325186
-65.5269786801748
-65.46035869695964
-65.39311326373071
-65.32522201066547
-65.2566636728917
-65.18741604245594
-65.11745591714197
-65.04675904589917
-64.97530007061937
-64.90305246397821
-64.82998846303163
-64.75607899823036
-64.68129361748503
-64.60560040488039
-64.52896589360077
-64.45135497258721
-64.37273078640222
-64.29305462772747
-64.21228582186497
-64.13038160255033
-64.04729697831937
-63.96298458859307
-63.87739454856241
-63.7904742818608
-63.7021683399081
-63.61241820669346
-63.52116208763532
-63.428334681011144
-63.33386693028799
-63.23768575550258
-63.13971376163612
-63.03986892169972
-62.93806423198889
-62.83420733667544
-62.72820011857813
-62.61993825258419
-62.509310717776714
-62.39619926385036
-62.28047782686286
-62.16201188876192
-62.0406577744373
-61.916261879261775
-61.78865981919003
-61.65767549446292
-61.523120056797744
-61.38479076861001
-61.24246974128272
-61.09592253774449
-60.94489662260263
-60.78911964075927
-60.62829750277014
-60.462112252128534
-60.29021968610688
-60.11224669768659
-59.92778830136499
-59.73640430014134
-59.53761554463181
-59.33089972790764
-59.11568665113025
-58.89135288519251
-58.657215742159465
-58.41252645710783
-58.15646246574145
-57.888118645644425
-57.60649736895429
-57.31049719133753
-56.99889997621642
-56.67035622411174
-56.323368344786275
-55.95627157494566
-55.567212207399436
-55.154122760371564
-54.714693680790404
-54.246341147329666
-53.74617052474958
-53.210935031549056
-52.63698923448583
-52.02023710053465
-51.35607455503004
-50.63932686554011
-49.86418176740489
-49.024120170330676
-48.11184767384712
-47.11923215460391
-46.03725560055978
-44.85599243080654
-43.56463205324164
-42.1515706436062
-40.60460620553423
-38.91128166870598
-37.059432150803985
-35.038002224691326
-32.83820236444039
-30.455062170496134
-27.889398066378025
-25.150127672035797
-22.256717826476535
-19.241353306521027
-16.15020587221062
-13.043071678873497
-9.99076562805652
-7.07010445073988
-4.357015581177889
-1.9190197646175462
0.19129999251295082
1.9404411750909087
3.3150526726582505
4.32014122592914
4.975298090473063
5.310081594466618
5.359545864266267
5.1605459156418005
4.749068617627693
4.158556727415532
3.4190411833120757
2.5568515415977604
1.5946938272104023
0.5519320399968819
-0.5550398086668094
-1.7124055947576704
-2.908554127131249
-4.133743877973117
-5.379811450135785
-6.639923003467636
-7.9083646149942854
-9.180366394355582
-10.451955139954155
-11.719830808479534
-12.981262744325452
-14.234002301121118
-15.476209105409989
-16.706388734902585
-17.923340009490285
-19.126110432685227
-20.31395858838366
