-0.406375487457493
-0.8096882366388174
-1.2098783713197325
-1.6068637248841342
-2.0006226292352562
-2.3912833400799576
-2.779200386413979
-3.165010550951949
-3.5496674793385803
-3.934456788361597
-4.320994579085612
-4.7112123682070575
-5.1073311397328425
-5.511826766080575
-5.9273885955784165
-6.35687261910782
-6.803250337589347
-7.2695542572235174
-7.758820832551367
-8.274031644688701
-8.818053627291466
-9.39357921883814
-10.003067409512983
-10.648686747611341
-11.33226145809377
-12.055221890165798
-12.818560538956906
-13.622794868483702
-14.467938092276874
-15.353478941237793
-16.278371266467346
-17.241034093137273
-18.239362469011805
-19.270749150308813
-20.33211685286854
-21.41996048383186
-22.530398473724087
-23.65923206489665
-24.802011190813936
-25.954105409159027
-27.110778233590665
-28.26726314370522
-29.418839536570452
-30.560906910213614
-31.689055633126877
-32.79913274854996
-33.887301384543214
-34.95009249011489
-35.98444779611222
-36.987753111064414
-37.95786131019201
-38.89310466116207
-39.79229644870928
-40.65472220144295
-41.48012117110177
-42.26865904536462
-43.02089316611465
-43.737731753215726
-44.42038878169585
-45.070336217586245
-45.68925528329258
-46.278988304793835
-46.841492504975236
-47.37879686967693
-47.892962947334745
-48.386050170584
-48.860086027369796
-49.31704117434527
-49.75880938633408
-50.18719207745245
-50.60388701314538
-51.010480755722305
-51.40844434459516
-51.799131700655046
-52.18378025590504
-52.56351333854241
-52.939343884630475
-53.312179095573356
-53.68282571194259
-54.051995625824034
-54.42031160359224
-54.78831293742185
-55.156460886036975
-55.52514380276253
-55.894681881797204
-56.2653314819335
-56.637289011014545
-57.0106943746304
-57.385634009337586
-57.76214353444297
-58.140210067496845
-58.519774257404116
-58.90073209573178
-59.282936571542585
-59.66619923802433
-60.050291760358256
-60.43494751367221
-60.81986329751625
-61.20470122902294
-61.58909087072331
-61.972631640859795
-62.354895544002964
-62.73543024794625
-63.11376251942446
-63.489402016488796
-63.861845419796424
-64.23058086917149
-64.59509265619268
-64.95486610895502
-65.3093925922622
-65.65817453603354
-66.00073039728926
-66.33659945721837
-66.66534635487245
-66.9865652630964
-67.29988362030213
-67.60496534327966
-67.9015134608689
-68.18927212525193
-68.46802797600586
-68.73761085094951
-68.99789385629404
-69.24879282580281
-69.49026521383831
-69.72230847974836
-69.9449580306371
-70.15828479599782
-70.36239251096703
-70.55741478527538
-70.74351203264419
-70.92086833082568
-71.08968827619202
-71.25019388923967
-71.40262161907921
-71.54721948636848
-71.6842443956059
-71.813959639544
-71.93663261094936
-72.052532730192
-72.16192959129108
-72.26509132411717
-72.362283166445
-72.45376623642201
-72.53979649369514
-72.62062387583465
-72.69649159571352
-72.76763558504402
-72.83428406924641
-72.89665725913665
-72.95496714549087
-73.00941738330346
-73.06020325344127
-73.10751169035926
-73.15152136554052
-73.19240281732482
-73.23031861876898
-73.2654235761213
-73.29786495137851
-73.32778270321904
-73.35530974136526
-73.38057219011989
-73.40368965744614
-73.42477550652096
-73.44393712718878
-73.46127620518246
-73.47688898736426
-73.49086654157595
-73.50329500997921
-73.51425585501877
-73.52382609735622
-73.53207854530592
-73.53908201545939
-73.54490154431505
-73.54959859083857
-73.55323122996873
-73.55585433715721
-73.55751976408953
-73.5582765057817
-73.55817085928386
-73.55724657424999
-73.55554499565339
-73.55310519894203
-73.54996411793654
-73.54615666577877
-73.54171584923982
-73.53667287669464
-73.53105726006619
-73.5248969110364
-73.51821823181334
-73.51104620073596
-73.50340445298775
-73.49531535668132
-73.48680008456499
-73.47787868159234
-73.46857012858462
-73.45889240220544
-73.44886253145678
-73.43849665089466
-73.42781005075297
-73.41681722415423
-73.40553191157622
-73.39396714273468
-73.38213527603314
-73.37004803572287
-73.35771654690762
-73.34515136852026
-73.33236252439124
-73.31935953252172
-73.30615143266758
-73.29274681233464
-73.27915383127898
-73.2653802446012
-73.25143342451794
-73.23732038088887
-73.22304778057307
-73.20862196568386
-73.19404897080744
-73.17933453924623
-73.16448413834465
-73.14950297395133
-73.13439600406849
-73.11916795173617
-73.1038233171963
-73.08836638937852
-73.07280125674757
-73.05713181754926
-73.04136178949013
-73.02549471888348
-73.00953398929286
-72.99348282970189
-72.9773443222377
-72.96112140947376
-72.94481690133608
-72.92843348163552
-72.9119737142475
-72.8954400489592
-72.87883482700312
-72.86216028629461
-72.84541856639034
-72.82861171318308
-72.81174168334786
-72.7948103485532
-72.77781949945071
-72.76077084945526
-72.74366603832723
-72.7265066355682
-72.70929414363972
-72.69203000101554
-72.6747155850759
-72.65735221485284
-72.63994115363447
-72.62248361143595
-72.60498074734429
-72.58743367174382
-72.56984344842888
-72.55221109660947
-72.53453759281585
-72.51682387270738
-72.4990708327906
-72.48127933205146
-72.4634501935062
-72.4455842056751
-72.42768212398312
-72.40974467209135
-72.39177254316282
-72.37376640106595
-72.35572688151905
-72.33765459317874
-72.31955011867527
-72.30141401559735
-72.28324681742914
-72.26504903444179
-72.24682115454176
-72.22856364407822
-72.21027694861144
-72.1919614936442
-72.17361768531799
-72.15524591107582
-72.13684654029318
-72.11841992487875
-72.0999663998464
-72.08148628385969
-72.06297987975046
-72.04444747501245
-72.0258893422714
-72.00730573973256
-71.9886969116068
-71.97006308851624
-71.95140448788041
-71.93272131428375
-71.91401375982548
-71.89528200445243
-71.87652621627578
-71.85774655187234
-71.83894315657106
-71.82011616472548
-71.80126569997267
-71.78239187547933
-71.76349479417551
-71.74457454897654
-71.72563122299364
-71.70666488973374
-71.68767561328885
-71.66866344851549
-71.6496284412046
-71.63057062824222
-71.61149003776137
-71.59238668928543
-71.57326059386342
-71.55411175419736
-71.53494016476216
-71.51574581191811
-71.49652867401645
-71.47728872149808
-71.4580259169858
-71.43874021537012
-71.41943156388899
-71.40009990220163
-71.38074516245652
-71.3613672693539
-71.3419661402028
-71.3225416849728
-71.3030938063407
-71.28362239973214
-71.26412735335842
-71.24460854824852
-71.22506585827651
-71.20549915018435
-71.18590828360034
-71.16629311105312
-71.14665347798145
-71.12698922273968
-71.10730017659925
-71.0875861637459
-71.06784700127297
-71.04808249917072
-71.02829246031163
-71.0084766804319
-70.98863494810894
-70.9687670447352
-70.94887274448801
-70.92895181429569
-70.90900401379984
-70.8890290953139
-70.8690268037778
-70.84899687670898
-70.82893904414948
-70.8088530286093
-70.78873854500591
-70.76859530059991
-70.74842299492686
-70.72822131972514
-70.70798995885997
-70.6877285882434
-70.66743687575031
-70.64711448113034
-70.62676105591572
-70.60637624332495
-70.58595967816221
-70.56551098671257
-70.54502978663271
-70.52451568683735
-70.50396828738104
-70.4833871793355
-70.4627719446621
-70.44212215607973
-70.42143737692774
-70.4007171610238
-70.37996105251688
-70.3591685857348
-70.33833928502672
-70.31747266459988
-70.29656822835106
-70.27562546969213
-70.25464387136981
-70.23362290527943
-70.21256203227252
-70.19146070195805
-70.1703183524972
-70.14913441039148
-70.12790829026389
-70.10663939463316
-70.08532711368063
-70.06397082500972
-70.0425698933977
-70.02112367053958
-69.99963149478378
-69.97809269085954
-69.9565065695955
-69.93487242762959
-69.9131895471095
-69.89145719538384
-69.86967462468346
-69.84784107179266
-69.82595575771
-69.80401788729839
-69.78202664892396
-69.75998121408361
-69.73788073702055
-69.7157243543277
-69.6935111845384
-69.67124032770388
-69.64891086495747
-69.62652185806444
-69.60407234895764
-69.58156135925796
-69.55898788977929
-69.5363509200174
-69.51364940762217
-69.4908822878525
-69.46804847301343
-69.44514685187461
-69.42217628906964
-69.39913562447548
-69.37602367257114
-69.352839221775
-69.32958103375992
-69.30624784274521
-69.28283835476465
-69.25935124690974
-69.23578516654707
-69.21213873050887
-69.18841052425567
-69.1645991010102
-69.14070298086091
-69.1167206498345
-69.09265055893577
-69.06849112315368
-69.04424072043221
-69.01989769060471
-68.99546033428999
-68.9709269117489
-68.94629564169949
-68.92156470008919
-68.89673221882225
-68.87179628444035
-68.84675493675465
-68.82160616742702
-68.79634791849847
-68.77097808086222
-68.74549449267937
-68.71989493773434
-68.69417714372764
-68.66833878050318
-68.64237745820706
-68.61629072537505
-68.59007606694527
-68.56373090219287
-68.53725258258306
-68.51063838953885
-68.4838855321194
-68.45699114460503
-68.42995228398435
-68.402765927339
-68.37542896912113
-68.34793821831852
-68.32029039550184
-68.29248212974862
-68.26450995543755
-68.2363703089071
-68.2080595249716
-68.17957383328773
-68.1509093545639
-68.12206209660471
-68.09302795018209
-68.06380268472418
-68.03438194381268
-68.00476124047871
-67.97493595228674
-67.94490131619523
-67.91465242318245
-67.88418421262483
-67.85349146641444
-67.82256880280167
-67.79141066994798
-67.76001133917288
-67.72836489787815
-67.6964652421314
-67.66430606888956
-67.63188086784227
-67.59918291285315
-67.56620525297596
-67.53294070302091
-67.49938183364489
-67.46552096093745
-67.43135013547267
-67.39686113079473
-67.36204543130319
-67.32689421950113
-67.29139836256728
-67.25554839820998
-67.2193345197582
-67.18274656044152
-67.1457739768074
-67.10840583122057
-67.0706307733847
-67.03243702082312
-66.99381233824927
-66.95474401575362
-66.9152188457273
-66.87522309843685
-66.83474249615807
-66.79376218576924
-66.75226670969644
-66.71023997509519
-66.66766522114276
-66.62452498430592
-66.58080106143734
-66.53647447054162
-66.4915254090389
-66.44593320933909
-66.39967629152378
-66.35273211291553
-66.30507711429468
-66.25668666250272
-66.20753498914807
-66.1575951251042
-66.10683883046188
-66.05523651956618
-66.00275718073405
-65.94936829021069
-65.89503571988018
-65.83972363819963
-65.7833944037737
-65.72600845092938
-65.6675241665865
-65.60789775764829
-65.54708310805714
-65.48503162457203
-65.42169207022505
-65.35701038430417
-65.2909294875852
-65.223389071397
-65.15432536894812
-65.08367090716752
-65.01135423711409
-64.93729964078756
-64.86142681192085
-64.78365050805002
-64.7038801708346
-64.62201951123593
-64.53796605574446
-64.45161064937365
-64.3628369105983
-64.27152063279786
-64.17752912605943
-64.08072049238599
-63.98094282642578
-63.87803333276883
-63.771817349624015
-63.66210726726492
-63.54870132798404
-63.43138229238221
-63.30991595459706
-63.184049486484945
-63.05350958774797
-62.91800041546173
-62.77720126231289
-62.63076394798305
-62.478309882375456
-62.31942675260455
-62.153664777647904
-61.98053246504616
-61.79949179272296
-61.60995272551186
-61.41126695986552
-61.20272077092767
-60.98352681298871
-60.75281469648569
-60.509620131122816
-60.25287238412358
-59.981379753545305
-59.69381269711409
-59.388684184893606
-59.06432675652774
-58.71886565749228
-58.35018729985417
-57.95590213695066
-57.53330085310065
-57.079302543561326
-56.59039329125713
-56.06255323137675
-55.49116983194635
-54.870934713689145
-54.195720904085874
-53.45843700924301
-52.65085447276347
-51.763404019470244
-50.784937809855045
-49.702455193829906
-48.50079296983389
-47.16228688964633
-45.666421628376504
-43.989504357182
-42.10442653628034
-39.980625376773936
-37.58442804585979
-34.88006581176143
-31.83178418484813
-28.407628907086597
-24.585577797855716
-20.362522639620003
-15.765855247955177
-10.86576202936839
-5.783946100545241
-0.6926414337555897
4.201235085477727
8.686542177337383
12.584744585251823
15.779816073763078
18.230449359162236
19.962606162954568
21.049062868925706
21.5857630090581
21.67241417512365
21.400288244014355
20.846678421733866
20.073934572634325
19.130950095153487
18.055567789608045
16.87703008986328
15.618083870684869
14.29663462689481
12.926981190092123
11.520710645891862
10.087337973321066
8.634762354392741
7.169595344986327
5.697400787174763
4.222874224096258
2.749980686669094
1.2820634907903148
-0.17806755355495962
-1.6280629439057224
-3.065971577066053
-4.490187620602522
-5.899404439005552
-7.2925743588768395
-8.668873389611544
-10.027670234929914
-11.368499077560774
-12.691035720686637
-13.995076742001082
-15.28052136971853
-16.547355830935725
-17.7956399551652
-19.025495841855545
-20.237098421525666
-21.43066775644653
-22.606462938974055
-23.764777453914338
-24.90593587592355
-26.030291774221663
-27.138226695273165
-28.230150090150733
-29.306500047791634
-30.367744689139325
-31.414384071151108
-32.44695244473956
-33.46602070767197
-34.472198892825794
-35.46613853422006
-36.448534757760505
-37.42012795007931
-38.381704866248064
-39.334099044181436
-40.2781903986796
-41.21490386963222
-42.14520699533992
-43.07010627184472
-43.99064214164164
-44.90788242977689
-45.822914012466626
-46.73683246425758
-47.65072938680486
-48.56567707938925
-49.48271017392631
-50.40280383319443
-51.32684811071001
-52.25561810751536
-53.189739651803045
-54.129650391583205
-55.075556450574794
-56.02738517547919
-56.984735017662395
-57.94682425364335
-58.91244104868589
-59.879898270085874
-60.846997385526606
-61.81100661153337
-62.768659028624036
-63.71617642984096
-64.64932397842065
-65.56349911466256
-66.45385547693776
-67.315458982865
-68.14346900254401
-68.93333335691241
-69.68098248791594
-70.38300638967364
-71.0367983694374
-71.6406526079268
-72.19380745377028
-72.69643256489233
-73.14956426508753
-73.55499870152644
-73.91515576154468
-74.23292790642499
-74.51152726517051
-74.75434202040704
-74.96480999138724
-75.14631402910241
-75.30210088525206
-75.43522289474889
-75.54850022240736
-75.64450052693105
-75.72553256406691
-75.79365032925367
-75.85066467699082
-75.8981598238315
-75.93751265159372
-75.96991321606924
-75.99638529944217
-76.01780620650162
-76.034925293218
-76.04838093674505
-76.05871581767227
-76.0663904989272
-76.0717953613752
-76.07526100302626
-76.07706723451929
-76.07745081438927
-76.07661206832847
-76.07472053083549
-76.07191973793766
-76.06833128794175
-76.064058274692
-76.05918818543535
-76.05379534363324
-76.04794296621574
-76.04168489498817
-76.03506705321207
-76.02812867076484
-76.02090331466704
-76.01341975606937
-76.0057026999127
-75.99777339932065
-75.98965017326
-75.98134884302605
-75.97288310059831
-75.96426481979962
-75.95550431941793
-75.94661058596185
-75.93759146247542
-75.92845380879356
-75.91920363774749
-75.90984623109898
-75.90038623837223
-75.89082776124134
-75.88117442570513
-75.87142944392352
-75.86159566729144
-75.85167563207592
-75.84167159873284
-75.8315855858445
-75.8214193994719
-75.81117465859262
-75.80085281719113
-75.79045518348198
-75.77998293667277
-75.7694371416121
-75.75881876161655
-75.74812866972611
-75.73736765860129
-75.72653644924358
-75.71563569869487
-75.7046660068486
-75.6936279224872
-75.68252194864365
-75.67134854737178
-75.66010814399786
-75.64880113091685
-75.63742787098734
-75.62598870057259
-75.61448393226873
-75.60291385735582
-75.59127874800288
-75.5795788592543
-75.56781443082126
-75.55598568869932
-75.54409284663056
-75.53213610742633
-75.52011566416513
-75.50803170127834
-75.49588439553473
-75.48367391693405
-75.47140042951845
-75.45906409210956
-75.44666505897841
-75.43420348045449
-75.42167950347944
-75.4090932721107
-75.39644492797943
-75.38373461070704
-75.37096245828374
-75.3581286074127
-75.34523319382265
-75.33227635255179
-75.31925821820532
-75.30617892518896
-75.29303860792034
-75.2798374010203
-75.2665754394856
-75.25325285884458
-75.23986979529724
-75.22642638584107
-75.21292276838344
-75.19935908184208
-75.18573546623423
-75.17205206275553
-75.15830901384935
-75.1445064632675
-75.13064455612268
-75.11672343893353
-75.10274325966282
-75.08870416774913
-75.07460631413274
-75.060449851276
-75.04623493317865
-75.03196171538836
-75.01763035500706
-75.00324101069312
-74.98879384265979
-74.9742890126702
-74.95972668402908
-74.94510702157145
-74.93043019164855
-74.91569636211113
-74.90090570229029
-74.88605838297606
-74.87115457639392
-74.85619445617921
-74.84117819734983
-74.82610597627713
-74.8109779706552
-74.7957943594687
-74.78055532295917
-74.76526104259013
-74.74991170101087
-74.73450748201911
-74.7190485705225
-74.70353515249923
-74.68796741495753
-74.67234554589434
-74.65666973425319
-74.64094016988108
-74.6251570434849
-74.6093205465869
-74.5934308714796
-74.57748821118007
-74.56149275938363
-74.54544471041693
-74.52934425919065
-74.51319160115155
-74.49698693223415
-74.48073044881197
-74.46442234764835
-74.44806282584689
-74.4316520808015
-74.41519031014617
-74.39867771170438
-74.3821144834382
-74.36550082339716
-74.34883692966677
-74.33212300031694
-74.31535923334997
-74.29854582664848
-74.28168297792308
-74.26477088465985
-74.24780974406767
-74.23079975302527
-74.21374110802834
-74.1966340051363
-74.17947863991901
-74.16227520740335
-74.14502390201973
-74.1277249175484
-74.11037844706577
-74.09298468289049
-74.07554381652963
-74.05805603862466
-74.04052153889732
-74.02294050609561
-74.00531312793947
-73.98763959106665
-73.96992008097833
-73.95215478198477
-73.93434387715098
-73.91648754824222
-73.89858597566955
-73.88063933843534
-73.8626478140787
-73.84461157862088
-73.82653080651075
-73.80840567057
-73.79023634193864
-73.77202299002018
-73.75376578242692
-73.73546488492524
-73.71712046138067
-73.69873267370322
-73.68030168179236
-73.66182764348217
-73.64331071448638
-73.62475104834336
-73.60614879636105
-73.58750410756191
-73.56881712862769
-73.5500880038442
-73.53131687504604
-73.51250388156127
-73.49364916015585
-73.47475284497818
-73.45581506750344
-73.43683595647782
-73.41781563786274
-73.39875423477883
-73.37965186744984
-73.36050865314637
-73.34132470612958
-73.32210013759457
-73.30283505561368
-73.28352956507963
-73.26418376764842
-73.24479776168201
-73.22537164219088
-73.20590550077621
-73.18639942557196
-73.1668535011866
-73.14726780864454
-73.12764242532741
-73.10797742491482
-73.08827287732502
-73.06852884865503
-73.04874540112051
-73.0289225929952
-73.00906047855
-72.98915910799161
-72.96921852740073
-72.94923877866977
-72.9292198994401
-72.90916192303882
-72.88906487841493
-72.86892879007496
-72.8487536780181
-72.82853955767055
-72.80828643981943
-72.78799433054586
-72.76766323115744
-72.74729313812001
-72.72688404298857
-72.7064359323375
-72.68594878768994
-72.6654225854463
-72.64485729681189
-72.62425288772367
-72.60360931877595
-72.5829265451452
-72.56220451651373
-72.54144317699242
-72.52064246504214
-72.49980231339427
-72.47892264896974
-72.45800339279708
-72.43704445992898
-72.41604575935764
-72.39500719392866
-72.37392866025354
-72.35281004862064
-72.33165124290463
-72.31045212047434
-72.28921255209895
-72.26793240185245
-72.24661152701637
-72.2252497779806
-72.20384699814238
-72.18240302380335
-72.1609176840644
-72.13939080071869
-72.1178221881422
-72.09621165318228
-72.07455899504373
-72.0528640051725
-72.03112646713693
-72.00934615650647
-71.98752284072762
-71.96565627899726
-71.94374622213303
-71.9217924124409
-71.89979458357956
-71.87775246042189
-71.85566575891296
-71.8335341859249
-71.81135743910819
-71.78913520673943
-71.76686716756542
-71.74455299064348
-71.72219233517774
-71.69978485035145
-71.6773301751551
-71.65482793821016
-71.63227775758831
-71.60967924062619
-71.58703198373517
-71.56433557220635
-71.54158958001031
-71.51879356959176
-71.49594709165856
-71.4730496849652
-71.45010087609046
-71.42710017920898
-71.40404709585673
-71.38094111468995
-71.35778171123746
-71.33456834764615
-71.3113004724193
-71.28797752014758
-71.26459891123245
-71.24116405160176
-71.21767233241708
-71.1941231297728
-71.17051580438641
-71.14684970127979
-71.12312414945129
-71.09933846153807
-71.07549193346853
-71.05158384410437
-71.02761345487208
-71.0035800093832
-70.97948273304328
-70.95532083264892
-70.93109349597252
-70.90679989133433
-70.88243916716132
-70.85801045153242
-70.83351285170953
-70.80894545365392
-70.78430732152746
-70.75959749717804
-70.73481499960862
-70.70995882442944
-70.6850279432925
-70.66002130330796
-70.63493782644147
-70.609776408892
-70.58453592044917
-70.55921520382947
-70.53381307399056
-70.50832831742264
-70.48275969141623
-70.45710592330528
-70.43136570968464
-70.4055377156011
-70.37962057371662
-70.35361288344293
-70.3275132100462
-70.30132008372067
-70.2750319986299
-70.2486474119144
-70.22216474266429
-70.19558237085538
-70.1688986362474
-70.14211183724272
-70.11522022970378
-70.0882220257277
-70.06111539237618
-70.03389845035873
-70.00656927266739
-69.97912588316066
-69.95156625509466
-69.92388830959904
-69.89608991409537
-69.8681688806554
-69.84012296429654
-69.8119498612118
-69.78364720693125
-69.75521257441187
-69.72664347205259
-69.69793734163109
-69.6690915561588
-69.64010341765028
-69.61097015480297
-69.58168892058326
-69.55225678971425
-69.52267075606073
-69.49292772990644
-69.46302453511825
-69.43295790619212
-69.40272448517473
-69.37232081845502
-69.34174335341893
-69.31098843496069
-69.28005230184351
-69.24893108290199
-69.21762079307823
-69.18611732928318
-69.15441646607427
-69.12251385113963
-69.09040500057903
-69.05808529397056
-69.0255499692121
-68.99279411712502
-68.95981267580785
-68.92660042472603
-68.8931519785234
-68.85946178054024
-68.8255240960214
-68.79133300499733
-68.7568823948196
-68.7221659523312
-68.68717715565076
-68.65190926554853
-68.61635531639014
-68.58050810662318
-68.54436018877915
-68.50790385896227
-68.47113114579408
-68.43403379878107
-68.39660327606987
-68.35883073155236
-68.32070700128045
-68.28222258914697
-68.24336765178643
-68.20413198264593
-68.16450499517268
-68.12447570506077
-68.08403271149571
-68.04316417733021
-68.00185780812009
-67.96010082994341
-67.91787996592012
-67.87518141134301
-67.83199080732383
-67.78829321285058
-67.74407307514367
-67.6993141981899
-67.65399970932248
-67.60811202370543
-67.56163280656783
-67.5145429330212
-67.46682244527844
-67.41845050707745
-67.36940535509527
-67.31966424711975
-67.269203406725
-67.21799796417405
-67.16602189324708
-67.1132479436657
-67.05964756875329
-67.00519084793746
-66.9498464036632
-66.89358131224418
-66.83636100813295
-66.77814918104063
-66.71890766527919
-66.65859632063668
-66.59717290402538
-66.53459293106438
-66.47080952667027
-66.40577326363211
-66.33943198803661
-66.27173063028671
-66.20261100031868
-66.1320115654672
-66.05986720925334
-65.98610896917305
-65.9106637513406
-65.83345401959023
-65.75439745635285
-65.67340659230155
-65.59038840139084
-65.50524385749557
-65.41786744837721
-65.32814664215883
-65.23596130086467
-65.14118303486292
-65.04367449122608
-64.94328856807492
-64.83986754587676
-64.73324212540452
-64.62323036059658
-64.50963647285668
-64.39224953135349
-64.27084198157104
-64.14516800166412
-64.01496166301135
-63.87993486764769
-63.73977503088789
-63.5941424722951
-63.44266747204542
-63.28494694249821
-63.120540656167144
-62.94896696101082
-62.76969790166835
-62.58215365051862
-62.38569613470055
-62.17962172382711
-61.96315281722637
-61.73542813811463
-61.49549150386001
-61.242278794819676
-60.974602787116346
-60.69113544464163
-60.39038717938292
-60.07068248292952
-59.73013120081278
-59.36659455908037
-58.9776448516852
-58.560517448726394
-58.112053478335035
-57.628631156237816
-57.10608327245093
-56.53959777941187
-55.92359774738981
-55.251596155383744
-54.51602007943348
-53.70799786958544
-52.81710198082917
-51.83103947086381
-50.73528224079964
-49.51263068793337
-48.142709009339036
-46.60140043921092
-44.86025042120368
-42.885901978230535
-40.63969122320273
-38.07763846819022
-35.151244167360126
-31.809761891375818
-28.00496972862216
-23.69979063539093
-18.8820588421578
-13.583532608098075
-7.90099169230497
-2.011030307514315
3.834019158169421
9.338738316014739
14.222056837524955
18.278219837347873
21.413925618108525
23.647416379579454
25.07705761266325
25.839525831903742
26.075088947118395
25.90716598966363
25.434775080576326
24.73305273517302
23.857350206664027
22.848062622769675
21.734858930286713
20.539920793455153
19.28024416277285
17.969205666783907
16.61760463823548
15.234351109185216
13.826922427072537
12.401671346811476
10.964039475263602
9.518710303062942
8.069723292031457
6.620562396181162
5.174227345627759
3.733292900121019
2.2999593565408203
0.8760964132919247
-0.5367182319731982
-1.937164622964299
-3.324149973420435
-4.69678130798988
-6.0543409508876795
-7.3962645710762
-8.722121542757069
-10.03159741600204
-11.324478319858233
-12.600637142465336
-13.860021351461988
-15.102642334234545
-16.328566151854275
-17.53790561302888
-18.73081358504607
-19.907477467396678
-21.068114760376847
-22.21296966532848
-23.34231065517102
-24.45642895346201
-25.55563785745608
-26.640272835691135
-27.71069232383116
-28.767279134288327
-29.810442386102924
-30.84061985233598
-31.85828061351305
-32.86392789810061
-33.8581019851297
-34.84138304023746
-35.8143937546336
-36.777801656546025
-37.73232096593832
-38.67871386476293
-39.61779105547141
-40.550411478500514
-41.47748105345801
-42.39995029726721
-43.318810654325304
-44.23508934789102
-45.149842528104195
-46.064146450675445
-46.979086372801675
-47.89574280201455
-48.815174683914755
-49.738399072738446
-50.6663668038586
-51.5999336924286
-52.53982683413814
-53.48660570340663
-54.44061795619756
-55.401950176631374
-56.37037428620422
-57.34529098388504
-58.325672413432535
-59.31000724484424
-60.29625245472036
-61.281797186169676
-62.26344498771198
-63.23742123059857
-64.19941229455783
-65.14464190018357
-66.06798753455375
-66.96413622539222
-67.82777420765244
-68.65379987302366
-69.43754468368087
-70.1749835078682
-70.86291502967437
-71.49909501975375
-72.08231020678237
-72.61238745165939
-73.09014058379128
-73.51726415359123
-73.8961882899434
-74.22991118252588
-74.52182543784355
-74.7755522160517
-74.99479346439185
-75.18320857399291
-75.34431808809558
-75.48143411341219
-75.59761500743326
-75.69564070860072
-75.77800459753972
-75.84691783031626
-75.90432247511768
-75.95191034910565
-75.99114507197386
-76.0232854478584
-76.0494088129769
-76.07043342333874
-76.08713930248284
-76.1001872307159
-76.11013574678485
-76.11745616382467
-76.12254568674761
-76.12573876940425
-76.1273168763361
-76.12751682328313
-76.1265378685774
-76.12454771842079
-76.12168759588296
-76.11807650840117
-76.11381483304622
-76.10898732375105
-76.10366563062165
-76.09791040864982
-76.09177308173619
-76.08529731791008
-76.07852026293408
-76.0714735719989
-76.06418427282556
-76.05667548806991
-76.04896704034354
-76.04107595931043
-76.03301690708511
-76.02480253545161
-76.01644378616268
-76.00795014369375
-75.99932984825665
-75.9905900755715
-75.98173708880893
-75.97277636721157
-75.96371271515306
-75.95455035476907
-75.94529300477578
-75.9359439476607
-75.9265060870716
-75.91698199693111
-75.90737396355631
-75.89768402185533
-75.88791398650096
-75.87806547883707
-75.86813995015363
-75.85813870186591
-75.84806290304935
-75.83791360571149
-75.82769175812338
-75.81739821648368
-75.8070337551471
-75.79659907561411
-75.78609481444936
-75.77552155027175
-75.76487980993824
-75.75417007402551
-75.74339278169938
-75.73254833504856
-75.72163710294903
-75.71065942451622
-75.69961561219418
-75.68850595452454
-75.67733071863242
-75.66609015246138
-75.65478448678576
-75.64341393702479
-75.63197870488011
-75.62047897981554
-75.60891494039574
-75.59728675549825
-75.58559458541207
-75.57383858283401
-75.56201889377309
-75.55013565837179
-75.5381890116525
-75.52617908419599
-75.51410600275848
-75.50196989083301
-75.48977086916013
-75.47750905619264
-75.4651845685185
-75.45279752124544
-75.44034802835102
-75.42783620300078
-75.41526215783745
-75.40262600524365
-75.3899278575803
-75.37716782740289
-75.36434602765725
-75.3514625718568
-75.33851757424253
-75.32551114992731
-75.31244341502567
-75.29931448677036
-75.28612448361655
-75.27287352533483
-75.25956173309382
-75.2461892295331
-75.2327561388274
-75.21926258674257
-75.20570870068404
-75.19209460973825
-75.17842044470768
-75.16468633813993
-75.15089242435117
-75.13703883944457
-75.12312572132393
-75.10915320970288
-75.09512144611001
-75.0810305738902
-75.06688073820239
-75.05267208601404
-75.03840476609258
-75.02407892899393
-75.00969472704838
-74.99525231434401
-74.98075184670776
-74.9661934816843
-74.95157737851291
-74.93690369810247
-74.9221726030046
-74.90738425738519
-74.89253882699438
-74.87763647913496
-74.86267738262956
-74.84766170778634
-74.83258962636368
-74.8174613115335
-74.8022769378437
-74.78703668117939
-74.77174071872331
-74.75638922891528
-74.7409823914108
-74.72552038703878
-74.71000339775865
-74.6944316066166
-74.6788051977012
-74.66312435609836
-74.64738926784575
-74.6316001198865
-74.61575710002242
-74.59986039686679
-74.58391019979648
-74.56790669890374
-74.5518500849475
-74.53574054930424
-74.51957828391845
-74.50336348125282
-74.48709633423788
-74.47077703622149
-74.45440578091791
-74.43798276235657
-74.42150817483059
-74.40498221284498
-74.38840507106465
-74.37177694426208
-74.35509802726487
-74.33836851490298
-74.32158860195582
-74.30475848309914
-74.28787835285166
-74.27094840552171
-74.25396883515344
-74.23693983547317
-74.21986159983533
-74.20273432116848
-74.18555819192106
-74.16833340400707
-74.15106014875167
-74.13373861683657
-74.11636899824548
-74.09895148220932
-74.0814862571514
-74.06397351063255
-74.04641342929612
-74.02880619881294
-74.01115200382618
-73.99345102789619
-73.97570345344523
-73.95790946170222
-73.94006923264728
-73.9221829449564
-73.904250775946
-73.88627290151729
-73.86824949610084
-73.85018073260092
-73.83206678233981
-73.81390781500217
-73.79570399857923
-73.77745549931302
-73.75916248164053
-73.74082510813777
-73.72244353946388
-73.70401793430511
-73.68554844931873
-73.66703523907694
-73.64847845601068
-73.62987825035339
-73.61123477008468
-73.59254816087396
-73.57381856602392
-73.555046126414
-73.53623098044372
-73.51737326397595
-73.49847311028005
-73.47953064997483
-73.46054601097158
-73.44151931841675
-73.42245069463465
-73.4033402590699
-73.38418812822985
-73.36499441562667
-73.34575923171938
-73.32648268385569
-73.30716487621358
-73.28780590974269
-73.26840588210554
-73.24896488761843
-73.22948301719214
-73.20996035827235
-73.19039699477979
-73.17079300705005
-73.15114847177315
-73.13146346193274
-73.1117380467449
-73.09197229159672
-73.0721662579843
-73.05232000345057
-73.03243358152247
-73.01250704164782
-72.99254042913174
-72.97253378507246
-72.95248714629673
-72.93240054529468
-72.91227401015406
-72.89210756449398
-72.87190122739796
-72.8516550133464
-72.8313689321484
-72.8110429888728
-72.79067718377861
-72.7702715122446
-72.74982596469815
-72.72934052654327
-72.70881517808778
-72.68824989446958
-72.66764464558207
-72.64699939599855
-72.6263141048956
-72.60558872597554
-72.58482320738773
-72.56401749164877
-72.54317151556157
-72.52228521013322
-72.50135850049162
-72.4803913058008
-72.45938353917488
-72.43833510759079
-72.41724591179933
-72.39611584623495
-72.37494479892388
-72.35373265139066
-72.33247927856311
-72.3111845486755
-72.28984832316998
-72.26847045659616
-72.24705079650889
-72.22558918336392
-72.2040854504117
-72.18253942358892
-72.16095092140803
-72.1393197548444
-72.11764572722122
-72.095928634092
-72.0741682631206
-72.0523643939586
-72.03051679812015
-72.00862523885401
-71.98668947101277
-71.96470924091913
-71.94268428622922
-71.92061433579269
-71.89849910950963
-71.87633831818417
-71.85413166337462
-71.83187883724
-71.80957952238296
-71.78723339168883
-71.76484010816077
-71.74239932475089
-71.71991068418711
-71.69737381879573
-71.67478835031946
-71.65215388973095
-71.62947003704139
-71.6067363811042
-71.58395249941371
-71.56111795789843
-71.53823231070893
-71.51529510000009
-71.49230585570747
-71.46926409531773
-71.4461693236327
-71.4230210325272
-71.39981870069998
-71.37656179341795
-71.35324976225321
-71.32988204481278
-71.3064580644606
-71.28297723003185
-71.25943893553891
-71.23584255986908
-71.21218746647352
-71.18847300304708
-71.16469850119898
-71.14086327611372
-71.11696662620199
-71.0930078327413
-71.06898615950591
-71.04490085238554
-71.02075113899278
-70.99653622825849
-70.97225531001494
-70.9479075545662
-70.92349211224526
-70.89900811295749
-70.87445466570996
-70.84983085812597
-70.82513575594433
-70.80036840250295
-70.77552781820589
-70.75061299997347
-70.72562292067481
-70.70055652854194
-70.67541274656503
-70.6501904718679
-70.62488857506301
-70.59950589958532
-70.57404126100406
-70.54849344631154
-70.52286121318829
-70.49714328924344
-70.47133837122938
-70.44544512422982
-70.41946218082005
-70.39338814019835
-70.3672215672875
-70.34096099180493
-70.31460490730058
-70.28815177016085
-70.26159999857748
-70.23494797147978
-70.2081940274288
-70.18133646347177
-70.15437353395515
-70.12730344929477
-70.10012437470085
-70.07283442885637
-70.04543168254654
-70.01791415723743
-69.99027982360148
-69.9625265999876
-69.9346523508334
-69.9066548850171
-69.87853195414635
-69.85028125078122
-69.82190040658836
-69.79338699042324
-69.76473850633731
-69.73595239150634
-69.70702601407683
-69.67795667092615
-69.6487415853328
-69.61937790455241
-69.58986269729498
-69.56019295109888
-69.53036556959647
-69.50037736966617
-69.47022507846563
-69.43990533034003
-69.40941466359942
-69.37874951715875
-69.34790622703355
-69.31688102268421
-69.28567002320116
-69.25426923332283
-69.22267453927788
-69.1908817044426
-69.15888636480399
-69.12668402421816
-69.09427004945351
-69.06163966500708
-69.02878794768203
-68.9957098209134
-68.96240004882846
-68.92885323002709
-68.8950637910669
-68.8610259796366
-68.82673385740011
-68.79218129249313
-68.75736195165194
-68.72226929195396
-68.68689655214703
-68.65123674354402
-68.61528264045687
-68.57902677014302
-68.54246140223505
-68.50557853762251
-68.4683698967526
-68.4308269073143
-68.39294069126773
-68.35470205117821
-68.31610145581115
-68.27712902494113
-68.2377745133249
-68.19802729378436
-68.15787633934185
-68.11731020434522
-68.07631700451606
-68.03488439584906
-67.99299955228493
-67.95064914207329
-67.90781930273576
-67.86449561453179
-67.82066307232247
-67.776306055719
-67.7314082973931
-67.68595284941686
-67.6399220474884
-67.59329747288747
-67.54605991199251
-67.49818931317546
-67.44966474087556
-67.40046432663556
-67.35056521686458
-67.29994351707136
-67.24857423228785
-67.19643120337827
-67.14348703890009
-67.08971304215278
-67.0350791330156
-66.97955376413785
-66.92310383100293
-66.86569457534092
-66.80728948131244
-66.74785016382936
-66.68733624831336
-66.62570524112239
-66.56291238979503
-66.49891053217411
-66.43364993337121
-66.36707810942217
-66.29913963635877
-66.22977594328144
-66.15892508785949
-66.08652151250807
-66.01249577928985
-65.93677428136307
-65.85927892854095
-65.77992680423678
-65.69862979073923
-65.61529415938698
-65.52982012178462
-65.44210133771443
-65.35202437484104
-65.25946811466832
-65.16430309847571
-65.06639080611963
-64.96558285961702
-64.8617201423096
-64.75463182311411
-64.6441342738658
-64.53002986602132
-64.41210563096222
-64.29013176577645
-64.16385996363245
-64.03302154462092
-63.89732535913448
-63.75645543137209
-63.610068305262104
-63.45779004882979
-63.29921286559525
-63.13389125273069
-62.96133763513458
-62.78101739192604
-62.592343176673296
-62.394668414384
-62.18727983620822
-61.96938888607306
-61.74012180100601
-61.49850812736953
-61.243467386945674
-60.97379354767661
-60.68813688125724
-60.3849827003981
-60.06262635831462
-59.719143756717955
-59.352356439903474
-58.9597901435907
-58.538625408368404
-58.085638547440745
-57.59713086344528
-57.06884352447903
-56.495854919810355
-55.872456608019554
-55.192003139071666
-54.446730089540274
-53.62753364612751
-52.723704126738184
-51.72260519089523
-50.60929064515521
-49.366052582728365
-47.97189968808963
-46.40197561208147
-44.62694896194229
-42.61244614475677
-40.31866790069777
-37.7004476682353
-34.70819890254916
-31.29048203588278
-27.399289753319042
-22.9994680951303
-18.08353581766181
-12.691692908360931
-6.933108907496528
-0.9990613699740782
4.845178598544816
10.298296112081605
15.083979231040118
19.01104262962556
22.005363337824818
24.102579970023644
25.41254129965173
26.076787903218506
26.235468224813218
26.009177411962373
25.49323025687768
24.75924221422287
23.8596649661738
22.832686506999245
21.706367546093865
20.50174189175261
19.234989353994454
17.918901040225297
16.563848471863533
15.178421504660603
13.769851490808026
12.344297315583994
10.907044331906524
9.462647774523155
8.015040367802024
6.567616373792214
5.123299691285625
3.6846007600695483
2.2536652708248734
0.8323166054315123
-0.57790672821148
-1.9757178099786261
-3.360051565814286
-4.73003812518813
-6.0849789340538685
-7.424325346771938
-8.747659466678586
-10.05467703857128
-11.345172222272351
-12.619024097525944
-13.876184768425244
-15.116668951235676
-16.340544943287963
-17.547926882691243
-18.738968218924274
-19.913856322775626
-21.07280817045977
-22.21606704087771
-23.343900166801706
-24.456597280198405
-25.554469989016816
-26.637851917731872
-27.70709953705924
-28.762593599986186
-29.804741092159077
-30.833977595378762
-31.85076995416044
-32.85561912765924
-33.849063103273544
-34.83167974424588
-35.80408944164469
-36.76695744096566
-37.72099571462501
-38.666964252879815
-39.605671645964634
-40.53797482804003
-41.46477784737872
-42.38702951559332
-43.305719770359524
-44.22187456010711
-45.136549025182745
-46.05081870843863
-46.96576848048048
-47.88247881364739
-48.80200898863517
-49.72537677515454
-50.65353410254713
-51.58733824067041
-52.52751806236069
-53.47463507741401
-54.42903913934083
-55.39081905799649
-56.35974883135536
-57.33523086074946
-58.316238345013154
-59.30126004446361
-60.28825171056309
-61.27459958208688
-62.25710227808625
-63.23197792870655
-64.19490318423392
-65.14108953456474
-66.06539993478451
-66.96250502514914
-67.82707349412473
-68.6539859418246
-69.43855685049756
-70.17674600921369
-70.8653399147712
-71.50208580885722
-72.08576599353222
-72.61620707838786
-73.0942265278678
-73.5215258249792
-73.90054453884262
-74.23429192902452
-74.52617244128632
-74.77981908450641
-74.99894505646041
-75.187219966273
-75.34817327730823
-75.48512460062169
-75.60113838110412
-75.6989993102476
-75.78120432313246
-75.84996709504703
-75.90723134960031
-75.95468986140655
-75.99380666127416
-76.02584055095733
-76.05186856319189
-76.07280844168795
-76.08943956258379
-76.10242198102469
-76.11231347623182
-76.11958459930977
-76.12463181318695
-76.12778886498737
-76.12933655733208
-76.12951109412684
-76.12851117409646
-76.12650399596093
-76.1236303257886
-76.1200087618428
-76.1157393165878
-76.11090642034551
-76.10558143693429
-76.09982476875689
-76.09368761734434
-76.08721345530424
-76.0804392568966
-76.07339652695839
-76.06611216149653
-76.058609167837
-76.05090726763174
-76.04302340216616
-76.03497215617487
-76.02676611366627
-76.01841615699658
-76.00993171855036
-76.00132099281542
-75.99259111533519
-75.98374831393656
-75.97479803672935
-75.96574506062431
-75.95659358349356
-75.94734730258041
-75.93800948133511
-75.92858300649539
-75.91907043693321
-75.90947404554169
-75.89979585522958
-75.89003766991922
-75.88020110130012
-75.87028759197109
-75.86029843550374
-75.85023479387651
-75.84009771265865
-75.82988813426495
-75.81960690955276
-75.80925480799186
-75.79883252660281
-75.78834069783036
-75.7777798964942
-75.76715064593786
-75.75645342348008
-75.74568866525723
-75.7348567705334
-75.72395810554384
-75.71299300692864
-75.70196178480546
-75.69086472552402
-75.679702094139
-75.66847413663358
-75.65718108192148
-75.64582314365202
-75.63440052183947
-75.62291340433548
-75.61136196816125
-75.5997463807138
-75.58806680085918
-75.5763233799242
-75.56451626259651
-75.55264558774213
-75.5407114891484
-75.52871409619934
-75.51665353448996
-75.50452992638508
-75.49234339152771
-75.48009404730179
-75.46778200925313
-75.45540739147243
-75.44297030694375
-75.43047086786123
-75.41790918591714
-75.40528537256333
-75.3925995392487
-75.37985179763449
-75.36704225978916
-75.35417103836494
-75.34123824675709
-75.32824399924755
-75.31518841113422
-75.30207159884691
-75.28889368005117
-75.27565477374083
-75.26235500032018
-75.24899448167668
-75.23557334124473
-75.22209170406146
-75.20854969681488
-75.19494744788517
-75.18128508737944
-75.16756274716064
-75.15378056087098
-75.13993866395009
-75.12603719364859
-75.1120762890372
-75.09805609101183
-75.08397674229471
-75.06983838743224
-75.05564117278934
-75.04138524654081
-75.02707075865993
-75.01269786090424
-74.99826670679897
-74.98377745161808
-74.96923025236316
-74.95462526774028
-74.93996265813502
-74.92524258558556
-74.91046521375434
-74.89563070789787
-74.88073923483535
-74.86579096291575
-74.85078606198361
-74.83572470334364
-74.82060705972422
-74.80543330523972
-74.79020361535186
-74.77491816683013
-74.75957713771128
-74.74418070725785
-74.72872905591615
-74.71322236527315
-74.69766081801292
-74.68204459787222
-74.66637388959552
-74.65064887888936
-74.63486975237618
-74.61903669754756
-74.60314990271694
-74.58720955697186
-74.57121585012575
-74.55516897266922
-74.53906911572098
-74.52291647097832
-74.50671123066729
-74.49045358749244
-74.47414373458619
-74.45778186545803
-74.44136817394325
-74.42490285415145
-74.40838610041486
-74.39181810723618
-74.37519906923643
-74.35852918110241
-74.34180863753396
-74.32503763319103
-74.30821636264062
-74.2913450203034
-74.27442380040026
-74.25745289689867
-74.24043250345888
-74.22336281337994
-74.20624401954565
-74.18907631437037
-74.17185988974462
-74.1545949369807
-74.13728164675807
-74.11992020906877
-74.10251081316258
-74.08505364749229
-74.06754889965866
-74.04999675635553
-74.03239740331465
-74.01475102525062
-73.99705780580561
-73.97931792749415
-73.96153157164773
-73.94369891835947
-73.92582014642868
-73.90789543330528
-73.8899249550344
-73.87190888620064
-73.85384739987252
-73.83574066754677
-73.81758885909258
-73.79939214269582
-73.78115068480321
-73.76286465006645
-73.74453420128626
-73.72615949935643
-73.70774070320773
-73.68927796975188
-73.67077145382534
-73.6522213081331
-73.6336276831924
-73.6149907272764
-73.5963105863577
-73.57758740405185
-73.55882132156076
-73.54001247761596
-73.52116100842187
-73.50226704759889
-73.48333072612635
-73.46435217228543
-73.44533151160189
-73.42626886678867
-73.40716435768837
-73.38801810121554
-73.36883021129881
-73.3496007988229
-73.33032997157038
-73.31101783416321
-73.29166448800417
-73.272270031218
-73.25283455859226
-73.23335816151803
-73.2138409279303
-73.19428294224814
-73.17468428531437
-73.15504503433525
-73.13536526281953
-73.11564504051739
-73.09588443335882
-73.07608350339177
-73.05624230871986
-73.03636090343957
-73.01643933757717
-72.99647765702501
-72.97647590347745
-72.95643411436619
-72.93635232279517
-72.91623055747482
-72.89606884265577
-72.87586719806194
-72.85562563882306
-72.83534417540642
-72.81502281354803
-72.79466155418295
-72.77426039337506
-72.75381932224579
-72.73333832690228
-72.71281738836458
-72.69225648249193
-72.67165557990822
-72.65101464592645
-72.63033364047223
-72.60961251800619
-72.5888512274454
-72.56804971208366
-72.54720790951062
-72.52632575152968
-72.50540316407476
-72.4844400671257
-72.46343637462232
-72.44239199437718
-72.42130682798681
-72.40018077074158
-72.37901371153394
-72.35780553276507
-72.33655611024997
-72.3152653131208
-72.29393300372841
-72.27255903754211
-72.25114326304754
-72.22968552164257
-72.20818564753121
-72.18664346761541
-72.16505880138465
-72.14343146080337
-72.1217612501961
-72.10004796613009
-72.0782913972956
-72.05649132438353
-72.03464751996046
-72.01275974834098
-71.99082776545715
-71.96885131872507
-71.94683014690841
-71.92476397997889
-71.90265253897348
-71.88049553584828
-71.85829267332899
-71.83604364475782
-71.81374813393673
-71.79140581496685
-71.76901635208407
-71.74657939949044
-71.72409460118155
-71.70156159076946
-71.67897999130123
-71.65634941507282
-71.63366946343825
-71.61093972661374
-71.5881597834769
-71.56532920136054
-71.5424475358411
-71.51951433052147
-71.49652911680792
-71.47349141368115
-71.45040072746102
-71.42725655156494
-71.40405836625958
-71.38080563840576
-71.35749782119622
-71.33413435388604
-71.31071466151556
-71.28723815462534
-71.26370422896309
-71.2401122651822
-71.21646162853156
-71.19275166853639
-71.16898171866981
-71.1451510960148
-71.12125910091613
-71.09730501662207
-71.07328810891538
-71.04920762573326
-71.02506279677591
-71.00085283310318
-70.97657692671898
-70.95223425014298
-70.92782395596919
-70.90334517641078
-70.87879702283091
-70.85417858525877
-70.82948893189054
-70.80472710857454
-70.77989213828006
-70.75498302054925
-70.72999873093146
-70.70493822039934
-70.67980041474605
-70.65458421396279
-70.62928849159603
-70.60391209408353
-70.57845384006843
-70.55291251969058
-70.52728689385405
-70.50157569347017
-70.47577761867494
-70.44989133801982
-70.42391548763499
-70.39784867036377
-70.37168945486731
-70.34543637469801
-70.31908792734085
-70.29264257322086
-70.26609873467577
-70.23945479489205
-70.21270909680317
-70.18585994194814
-70.15890558928908
-70.13184425398578
-70.10467410612553
-70.07739326940644
-70.04999981977208
-70.02249178399549
-69.99486713821028
-69.96712380638665
-69.9392596587497
-69.91127251013776
-69.8831601182979
-69.8549201821158
-69.82655033977737
-69.79804816685845
-69.76941117433995
-69.74063680654467
-69.71172243899223
-69.68266537616843
-69.65346284920504
-69.62411201346576
-69.59460994603396
-69.5649536430976
-69.53514001722634
-69.50516589453568
-69.4750280117327
-69.44472301303762
-69.41424744697503
-69.38359776302846
-69.3527703081514
-69.32176132312765
-69.29056693877331
-69.25918317197257
-69.22760592153851
-69.19583096389017
-69.16385394853619
-69.13167039335497
-69.09927567966068
-69.06666504704371
-69.03383358797346
-69.00077624215086
-68.96748779059685
-68.93396284946253
-68.90019586354563
-68.86618109949693
-68.83191263869941
-68.79738436980163
-68.76258998088574
-68.72752295124909
-68.69217654277736
-68.6565437908853
-68.62061749499965
-68.58439020855747
-68.54785422849062
-68.51100158416587
-68.4738240257473
-68.436313011946
-68.39845969711904
-68.36025491767744
-68.32168917775967
-68.28275263412428
-68.24343508021182
-68.20372592932256
-68.16361419685244
-68.12308848152576
-68.08213694555796
-68.04074729367724
-67.99890675092796
-67.95660203917306
-67.91381935220612
-67.87054432937663
-67.8267620276244
-67.78245689181074
-67.73761272322463
-67.69221264613259
-67.6462390722295
-67.5996736628363
-67.55249728867678
-67.50468998705212
-67.45623091621543
-67.4070983067319
-67.35726940959087
-67.30672044081561
-67.2554265222935
-67.20336161852421
-67.15049846895556
-67.09680851554613
-67.04226182515957
-66.98682700635823
-66.93047112012175
-66.87315958397062
-66.8148560689228
-66.7555223886553
-66.69511838017858
-66.63360177526151
-66.57092806176536
-66.50705033395808
-66.44191913078082
-66.3754822609291
-66.30768461348731
-66.23846795271625
-66.1677706954377
-66.09552766928408
-66.02166984988304
-65.94612407482313
-65.8688127319933
-65.78965341960202
-65.7085585748562
-65.62543506790979
-65.54018375727037
-65.45269900237102
-65.36286812846522
-65.2705708383733
-65.17567856488708
-65.07805375681025
-64.9775490906566
-64.87400659892654
-64.76725670460841
-64.65711715007477
-64.54339180683024
-64.42586935057312
-64.3043217837064
-64.1785027847151
-64.04814586063983
-63.91296227513321
-63.77263872017809
-63.62683469434193
-63.475179544281914
-63.3172691189044
-63.152661976882236
-62.980875077851636
-62.80137887518667
-62.613591713340874
-62.41687341480278
-62.21051792005589
-61.99374481771864
-61.76568957021461
-61.525392201575144
-61.27178416666547
-61.00367306319955
-60.71972477679808
-60.418442561830844
-60.098142452843355
-59.756924267975116
-59.3926373006879
-59.002839591630085
-58.584749419151855
-58.13518733354598
-57.6505066732813
-57.12651002648212
-56.558348522293706
-55.94040014105552
-55.26612241275895
-54.527873939978065
-53.71669817850988
-52.822061946806976
-51.831540446952644
-50.73044061804147
-49.50135624359172
-48.123652888776505
-46.57289103223953
-44.82021603312465
-42.83178097547786
-40.56833429719697
-37.985215596425995
-35.033183603893434
-31.660773923446566
-27.81924688518412
-23.471523302875845
-18.60643139262117
-13.258297821656967
-7.5284595429769965
-1.599829720003437
4.268492531812354
9.776148531112154
14.641138603365356
18.661452707314062
21.75078414140875
23.935013668726615
25.318548544177986
26.04155573133947
26.245469867566992
26.053339077156284
25.56306885464058
24.84849645008361
23.96378160996449
22.948345490152644
21.831109311649
20.633699570511528
19.37270581480293
18.06120737415035
16.709784216289805
15.327182182154484
13.920753644170045
12.496754638529167
11.060550830247317
9.616765414933111
8.169389635710097
6.721868762754437
5.277171516768717
3.8378479179860614
2.406078700408951
0.9837183013236401
-0.4276672574655289
-1.8267667075422926
-3.2124934667564293
-4.583958709080654
-5.940447219627122
-7.281395752827561
-8.606373659631119
-9.91506558414273
-11.207256056614154
-12.482815831170138
-13.74168983484859
-14.98388661039727
-16.20946914924898
-17.41854702334366
-18.61126973495601
-19.787821212300326
-20.948415385260102
-22.09329277996894
-23.22271807302842
-24.336978545833407
-25.436383376827827
-26.521263704693883
-27.59197338877962
-28.648890384921945
-29.69241864577558
-30.722990445453796
-31.741069019403255
-32.74715140262437
-33.74177134315439
-34.725502163508025
-35.69895944061109
-36.66280337443999
-37.617740716517545
-38.56452613070044
-39.503962859115084
-40.436902564234735
-41.36424421241772
-42.2869318532536
-43.20595113148818
-44.1223243431642
-45.03710381450029
-45.951363341245
-46.866187379075384
-47.782657624627866
-48.70183657618745
-49.62474761929417
-50.55235115463585
-51.485516285991494
-52.424987630977405
-53.3713469274903
-54.32496930869813
-55.28597443685428
-56.254173149113385
-57.229010900389014
-58.20951010025748
-59.19421442063536
-60.18113924850462
-61.16773357052539
-62.150859535853506
-63.12679651350452
-64.09127635202091
-65.03955546297625
-65.96652705220718
-66.86687324636944
-67.73525221155168
-68.56651017836549
-69.35590343809525
-70.0993119021374
-70.79342469227004
-71.43588003981829
-72.02534647493356
-72.56153913840792
-73.04517276176662
-73.4778599604907
-73.86196871470892
-74.2004555530796
-74.49669094270713
-74.75429121072993
-74.97696779296713
-75.16840058930495
-75.33213842251695
-75.47152651108925
-75.58965867857165
-75.68935072411932
-75.77313083264886
-75.84324291306487
-75.90165912169654
-75.95009838727198
-75.9900483775496
-76.02278895250473
-76.04941568668603
-76.07086249244678
-76.08792273237266
-76.10126848003638
-76.11146778510539
-76.11899993542333
-76.12426879818288
-76.12761437640991
-76.12932274543958
-76.1296345446572
-76.1287521984665
-76.12684603167017
-76.12405943139358
-76.12051319257829
-76.11630916841088
-76.11153333179044
-76.10625833964782
-76.10054567891427
-76.09444746132182
-76.08800792400875
-76.08126468403731
-76.07424978730161
-76.06699058578897
-76.05951047162681
-76.05182949167497
-76.04396486249149
-76.0359314022013
-76.02774189303757
-76.01940738602099
-76.01093745732038
-76.00234042423834
-75.99362352743394
-75.98479308488795
-75.97585462219591
-75.96681298300973
-75.9576724228137
-75.94843668869257
-75.93910908731071
-75.92969254295674
-75.92018964720423
-75.91060270148677
-75.90093375367545
-75.89118462957117
-75.88135696007856
-75.8714522047058
-75.86147167193326
-75.85141653690827
-75.84128785685245
-75.83108658450787
-75.82081357989895
-75.81046962064411
-75.80005541101674
-75.78957158992466
-75.7790187379528
-75.76839738359213
-75.75770800876067
-75.74695105370671
-75.73612692137219
-75.72523598128286
-75.71427857302302
-75.70325500934442
-75.69216557895271
-75.68101054900863
-75.66979016737668
-75.65850466464934
-75.64715425597211
-75.63573914269045
-75.62425951383817
-75.61271554748367
-75.60110741194897
-75.58943526691436
-75.57769926442043
-75.56589954977736
-75.5540362623909
-75.54210953651283
-75.53011950192324
-75.51806628455098
-75.50595000703817
-75.49377078925366
-75.48152874876048
-75.46922400124097
-75.45685666088373
-75.44442684073555
-75.4319346530214
-75.41938020943542
-75.40676362140505
-75.394085000331
-75.38134445780473
-75.36854210580553
-75.35567805687884
-75.34275242429732
-75.32976532220611
-75.31671686575358
-75.30360717120864
-75.29043635606583
-75.27720453913895
-75.26391184064444
-75.25055838227493
-75.23714428726403
-75.22366968044285
-75.21013468828902
-75.19653943896861
-75.18288406237166
-75.1691686901416
-75.1553934556993
-75.14155849426172
-75.12766394285602
-75.1137099403291
-75.09969662735308
-75.08562414642692
-75.07149264187451
-75.05730225983945
-75.04305314827671
-75.02874545694154
-75.01437933737546
-74.99995494289006
-74.98547242854818
-74.9709319511431
-74.95633366917559
-74.9416777428291
-74.92696433394312
-74.9121936059849
-74.89736572401956
-74.88248085467879
-74.86753916612801
-74.85254082803246
-74.83748601152182
-74.82237488915383
-74.8072076348768
-74.79198442399104
-74.77670543310934
-74.7613708401166
-74.7459808241285
-74.73053556544942
-74.71503524552958
-74.69948004692145
-74.68387015323546
-74.66820574909507
-74.65248702009119
-74.63671415273609
-74.62088733441671
-74.60500675334738
-74.58907259852221
-74.5730850596668
-74.5570443271897
-74.54095059213333
-74.52480404612449
-74.50860488132457
-74.49235329037936
-74.47604946636844
-74.45969360275443
-74.44328589333173
-74.42682653217511
-74.41031571358796
-74.39375363205028
-74.37714048216645
-74.36047645861278
-74.34376175608477
-74.32699656924423
-74.31018109266617
-74.29331552078553
-74.27640004784368
-74.25943486783484
-74.24242017445225
-74.22535616103424
-74.20824302051024
-74.19108094534646
-74.17387012749164
-74.15661075832264
-74.13930302858982
-74.12194712836245
-74.10454324697395
-74.08709157296705
-74.06959229403893
-74.05204559698613
-74.03445166764958
-74.0168106908594
-73.99912285037972
-73.98138832885343
-73.9636073077468
-73.94577996729416
-73.92790648644242
-73.9099870427956
-73.89202181255929
-73.87401097048503
-73.85595468981472
-73.83785314222492
-73.81970649777105
-73.80151492483175
-73.7832785900529
-73.76499765829185
-73.74667229256141
-73.72830265397397
-73.70988890168535
-73.69143119283879
-73.67292968250877
-73.65438452364478
-73.63579586701509
-73.61716386115033
-73.59848865228712
-73.57977038431153
-73.56100919870252
-73.54220523447522
-73.52335862812416
-73.5044695135664
-73.48553802208455
-73.46656428226959
-73.44754841996367
-73.42849055820274
-73.40939081715902
-73.3902493140833
-73.37106616324715
-73.35184147588483
-73.33257536013514
-73.31326792098304
-73.293919260201
-73.27452947629017
-73.25509866442135
-73.23562691637568
-73.21611432048499
-73.19656096157203
-73.1769669208903
-73.15733227606356
-73.13765710102511
-73.11794146595662
-73.09818543722663
-73.07838907732875
-73.05855244481933
-73.0386755942548
-73.01875857612858
-72.99880143680744
-72.9788042184675
-72.95876695902962
-72.93868969209427
-72.91857244687598
-72.89841524813701
-72.87821811612058
-72.85798106648336
-72.83770411022743
-72.81738725363138
-72.79703049818085
-72.77663384049822
-72.75619727227165
-72.73572078018312
-72.7152043458358
-72.6946479456805
-72.67405155094114
-72.65341512753936
-72.63273863601809
-72.61202203146412
-72.59126526342965
-72.57046827585262
-72.54963100697606
-72.52875338926609
-72.5078353493288
-72.48687680782581
-72.4658776793885
-72.4448378725309
-72.42375728956112
-72.40263582649133
-72.38147337294619
-72.36026981206973
-72.33902502043058
-72.3177388679255
-72.2964112176811
-72.27504192595386
-72.2536308420282
-72.2321778081126
-72.21068265923367
-72.18914522312829
-72.1675653201334
-72.14594276307372
-72.12427735714702
-72.1025688998072
-72.08081718064469
-72.0590219812645
-72.0371830751615
-72.01530022759304
-71.99337319544881
-71.97140172711765
-71.94938556235148
-71.92732443212611
-71.9052180584988
-71.88306615446255
-71.86086842379693
-71.8386245609154
-71.81633425070899
-71.79399716838611
-71.77161297930861
-71.74918133882367
-71.72670189209158
-71.70417427390923
-71.68159810852913
-71.65897300947383
-71.63629857934556
-71.61357440963111
-71.59080008050138
-71.56797516060594
-71.54509920686203
-71.522171764238
-71.49919236553093
-71.47616053113838
-71.45307576882378
-71.42993757347558
-71.40674542685973
-71.3834987973653
-71.36019713974312
-71.336839894837
-71.31342648930752
-71.28995633534788
-71.26642883039179
-71.2428433568129
-71.21919928161564
-71.19549595611711
-71.17173271561965
-71.14790887907391
-71.12402374873193
-71.10007660979005
-71.07606673002108
-71.05199335939554
-71.02785572969147
-71.0036530540925
-70.97938452677361
-70.95504932247435
-70.9306465960588
-70.90617548206211
-70.88163509422279
-70.85702452500053
-70.83234284507884
-70.80758910285202
-70.78276232389585
-70.75786151042144
-70.73288564071153
-70.70783366853873
-70.6827045225648
-70.65749710572057
-70.63221029456531
-70.60684293862536
-70.58139385971062
-70.55586185120846
-70.53024567735405
-70.5045440724761
-70.47875574021727
-70.45287935272799
-70.42691354983286
-70.40085693816837
-70.37470809029097
-70.34846554375412
-70.32212780015324
-70.29569332413712
-70.26916054238445
-70.24252784254419
-70.21579357213801
-70.18895603742352
-70.16201350221642
-70.13496418667003
-70.10780626601024
-70.08053786922417
-70.05315707770036
-70.02566192381862
-69.99805038948713
-69.97032040462486
-69.94246984558639
-69.91449653352721
-69.88639823270638
-69.85817264872396
-69.8298174266904
-69.80133014932451
-69.77270833497722
-69.74394943557728
-69.71505083449561
-69.68600984432457
-69.65682370456791
-69.62748957923755
-69.59800455435258
-69.56836563533601
-69.53856974430423
-69.50861371724412
-69.4784943010724
-69.44820815057147
-69.41775182519558
-69.38712178574109
-69.35631439087402
-69.32532589350768
-69.29415243702293
-69.26279005132297
-69.23123464871433
-69.19948201960507
-69.16752782801062
-69.13536760685739
-69.10299675307338
-69.07041052245461
-69.03760402429523
-69.00457221576887
-68.97130989604752
-68.9378117001437
-68.90407209246075
-68.87008536003499
-68.83584560545255
-68.80134673942258
-68.76658247298737
-68.7315463093485
-68.69623153528708
-68.6606312121543
-68.62473816640717
-68.58854497966276
-68.55204397824195
-68.51522722217236
-68.47808649361738
-68.44061328469672
-68.40279878466039
-68.36463386637655
-68.32610907208982
-68.28721459840415
-68.24794028044074
-68.20827557511798
-68.16820954349626
-68.12773083212673
-68.08682765333783
-68.04548776438892
-68.00369844541473
-67.96144647607832
-67.91871811084424
-67.87549905277592
-67.83177442575447
-67.78752874500718
-67.74274588582531
-67.6974090503408
-67.65150073222053
-67.60500267912548
-67.55789585276852
-67.51016038639102
-67.46177553946258
-67.41271964939136
-67.36297008001368
-67.31250316661088
-67.26129415717907
-67.20931714965212
-67.15654502475107
-67.10294937410237
-67.0485004232341
-66.99316694902211
-66.93691619111664
-66.87971375683479
-66.8215235189532
-66.76230750577919
-66.70202578281595
-66.64063632526772
-66.57809488055297
-66.51435481990673
-66.44936697805612
-66.38307947984435
-66.31543755255633
-66.2463833225623
-66.17585559474163
-66.10378961297602
-66.03011679980506
-65.95476447311715
-65.87765553749847
-65.7987081475798
-65.71783534040033
-65.634944633442
-65.54993758457333
-65.46270930966683
-65.37314795311374
-65.28113410583929
-65.18654016471163
-65.08922962642086
-64.9890563079646
-64.88586348479262
-64.77948293640927
-64.66973388778143
-64.556421833214
-64.43933722739472
-64.31825402602406
-64.1929280557743
-64.06309519019167
-63.92846930448023
-63.78873997777828
-63.64356990643143
-63.4925919857223
-63.335406010346524
-63.17157493539421
-63.0006206294196
-62.82201903900797
-62.63519466964467
-62.439514270120526
-62.23427958650765
-62.01871902608508
-61.79197804045884
-61.55310799922559
-61.30105327927423
-61.03463623820348
-60.75253967085161
-60.45328626244763
-60.13521444647733
-59.79644994511037
-59.434872108861015
-59.04807397252459
-58.63331469713086
-58.18746276159353
-57.70692788988212
-57.187579235203174
-56.624646776434545
-56.01260219999906
-55.345014734727
-54.61437648537019
-53.81189081135257
-52.92721632183937
-51.94815832162255
-50.860299465944756
-49.646562748211
-48.28670415167681
-46.75674177491276
-45.02834710062502
-43.06825908092169
-40.837843644127844
-38.293026523298444
-35.38499883554276
-32.06235724154312
-28.275695793688982
-23.98601941626361
-19.178352868829403
-13.880816625717717
-8.186257281263249
-2.268207850250449
3.6216207986235665
9.184841407976794
14.134087461125308
18.255897067564447
21.450416188119604
23.732214335227823
25.199031296449803
25.988991577476998
26.24464953760601
26.091654903640432
25.630784904192385
24.938392704467773
24.07059715538924
23.06824551562911
21.961259336925888
20.771956058622784
19.517403276233775
18.21101625584979
16.86361730220316
15.484132930797454
14.080055071400647
12.657751270505944
11.222678956831585
9.779538649508815
8.332387918001197
6.884729647989725
5.4395830316476586
3.999542532672253
2.566828130642361
1.1433289558677027
-0.2693583066654719
-1.6698953167242352
-3.0571716335569414
-4.430277452821083
-5.788479164126949
-7.131197440667068
-8.457987622202886
-9.768522188430344
-11.062575146958254
-12.34000818206098
-13.600758428872082
-14.844827753781361
-16.072273435976758
-17.28320015751237
-18.477753219975895
-19.656112914660543
-20.818489979959768
-21.96512208433609
-23.096271275539824
-24.212222336705466
-25.313281987562625
-26.39977886441105
-27.47206420600344
-28.530513164469703
-29.57552665144013
-30.607533620215527
-31.626993675867414
-32.63439989718975
-33.63028174802529
-34.61520795103443
-35.58978919458822
-36.55468054295896
-37.51058342081718
-38.45824704434453
-39.39846917185867
-40.332096045314636
-41.26002138887935
-42.18318432046964
-43.10256601536726
-44.01918493677424
-44.93409041595598
-45.84835432465414
-46.76306053590023
-47.67929181863179
-48.59811376062898
-49.52055526935775
-50.447585170073346
-51.38008441700804
-52.3188134724829
-53.264374510424126
-54.217168289260854
-55.17734584194838
-56.14475557606424
-57.11888698888744
-58.098812994121054
-59.08313381941825
-60.06992652218694
-61.05670528915285
-62.040398672496025
-63.0173505430172
-63.98335152395533
-64.9337067066876
-65.86334329575395
-66.76695839399791
-67.63920258812858
-68.47488983452293
-69.26921920699189
-70.01799038811619
-70.71779335752889
-71.36615419943497
-71.96162335377267
-72.50379930153021
-72.99328836495722
-73.43160854199775
-73.82105078212287
-74.16451405892767
-74.46533086503378
-74.72709778439346
-74.9535223747417
-75.14829359189285
-75.3149791500437
-75.45695003297881
-75.57733007902574
-75.67896716968183
-75.76442193020844
-75.83596980806598
-75.89561273247926
-75.94509710327529
-75.98593547857796
-76.01942994085624
-76.04669566758504
-76.06868369230527
-76.0862022087131
-76.09993605034884
-76.11046418300656
-76.11827518969142
-76.12378082213556
-76.12732775044624
-76.12920767338473
-76.1296659640489
-76.12890902551548
-76.1271105228804
-76.12441664543617
-76.12095053776571
-76.11681602287632
-76.11210072515647
-76.10687868651823
-76.10121255592064
-76.09515542069379
-76.08875233771822
-76.08204161350157
-76.07505587443167
-76.06782296185159
-76.06036668096654
-76.05270742782966
-76.04486271464404
-76.03684761025322
-76.02867510987684
-76.02035644579553
-76.01190134872792
-76.00331826800932
-75.99461455732202
-75.9857966315973
-75.9768700997698
-75.96783987728428
-75.95871028160614
-75.94948511344823
-75.9401677259784
-75.93076108389991
-75.92126781398686
-75.911690248399
-75.9020304618858
-75.89229030381047
-75.88247142577566
-75.87257530550812
-75.86260326755547
-75.85255650126143
-75.84243607641332
-75.83224295689438
-75.8219780126227
-75.81164203001566
-75.80123572118269
-75.7907597320188
-75.78021464934618
-75.76960100722916
-75.75891929257011
-75.74816995007818
-75.73735338668978
-75.72646997550906
-75.71552005932678
-75.7045039537681
-75.69342195011333
-75.68227431782961
-75.67106130684637
-75.65978314960367
-75.64844006289839
-75.63703224955029
-75.62555989990736
-75.61402319320729
-75.6024222988101
-75.59075737731514
-75.57902858157405
-75.56723605761009
-75.55537994545303
-75.54346037989774
-75.53147749119381
-75.51943140567272
-75.50732224631824
-75.49515013328558
-75.48291518437362
-75.47061751545475
-75.45825724086586
-75.44583447376407
-75.43334932645021
-75.42080191066289
-75.40819233784559
-75.39552071938918
-75.3827871668519
-75.36999179215859
-75.3571347077811
-75.34421602690118
-75.3312358635575
-75.3181943327779
-75.30509155069826
-75.2919276346688
-75.27870270334907
-75.26541687679236
-75.25207027652033
-75.23866302558876
-75.22519524864504
-75.21166707197784
-75.19807862355998
-75.18443003308452
-75.17072143199498
-75.15695295350977
-75.14312473264167
-75.12923690621226
-75.11528961286201
-75.10128299305624
-75.08721718908708
-75.07309234507203
-75.05890860694905
-75.04466612246858
-75.03036504118272
-75.01600551443161
-75.00158769532737
-74.98711173873565
-74.97257780125499
-74.95798604119413
-74.94333661854739
-74.92862969496824
-74.91386543374117
-74.89904399975202
-74.8841655594568
-74.86923028084907
-74.85423833342604
-74.83918988815348
-74.82408511742939
-74.80892419504659
-74.79370729615432
-74.77843459721886
-74.76310627598316
-74.74772251142569
-74.7322834837184
-74.71678937418399
-74.70124036525235
-74.68563664041635
-74.66997838418703
-74.65426578204807
-74.63849902040972
-74.62267828656222
-74.60680376862857
-74.59087565551692
-74.57489413687246
-74.55885940302876
-74.54277164495888
-74.52663105422583
-74.5104378229329
-74.49419214367343
-74.47789420948033
-74.46154421377524
-74.44514235031745
-74.42868881315239
-74.41218379655999
-74.39562749500267
-74.37902010307319
-74.36236181544211
-74.34565282680519
-74.32889333183049
-74.31208352510524
-74.29522360108265
-74.27831375402845
-74.2613541779672
-74.24434506662864
-74.22728661339369
-74.21017901124041
-74.19302245268987
-74.17581712975179
-74.1585632338701
-74.14126095586845
-74.12391048589558
-74.10651201337055
-74.08906572692794
-74.07157181436297
-74.05403046257646
-74.03644185751985
-74.01880618413996
-74.00112362632389
-73.98339436684373
-73.96561858730124
-73.94779646807244
-73.92992818825225
-73.91201392559893
-73.89405385647858
-73.87604815580958
-73.85799699700694
-73.83990055192656
-73.82175899080963
-73.8035724822267
-73.78534119302199
-73.76706528825746
-73.74874493115685
-73.73038028304978
-73.7119715033157
-73.69351874932774
-73.67502217639667
-73.65648193771459
-73.63789818429875
-73.61927106493515
-73.60060072612211
-73.58188731201383
-73.56313096436376
-73.54433182246795
-73.52549002310826
-73.50660570049551
-73.48767898621249
-73.46871000915682
-73.44969889548382
-73.43064576854903
-73.41155074885077
-73.3924139539725
-73.3732354985249
-73.35401549408802
-73.33475404915295
-73.31545126906357
-73.29610725595789
-73.27672210870927
-73.25729592286737
-73.23782879059891
-73.21832080062808
-73.1987720381767
-73.17918258490418
-73.15955251884705
-73.1398819143582
-73.12017084204582
-73.100419368712
-73.08062755729081
-73.06079546678617
-73.04092315220917
-73.02101066451502
-73.00105805053947
-72.9810653529349
-72.96103261010572
-72.94095985614337
-72.92084712076073
-72.90069442922595
-72.88050180229571
-72.8602692561478
-72.8399968023131
-72.81968444760682
-72.79933219405912
-72.77894003884487
-72.75850797421272
-72.73803598741337
-72.71752406062691
-72.69697217088942
-72.67638029001854
-72.6557483845382
-72.63507641560228
-72.61436433891735
-72.59361210466425
-72.57281965741862
-72.55198693607035
-72.53111387374173
-72.51020039770448
-72.4892464292954
-72.46825188383086
-72.44721667051972
-72.42614069237503
-72.40502384612408
-72.38386602211712
-72.36266710423432
-72.34142696979123
-72.3201454894425
-72.29882252708381
-72.27745793975211
-72.25605157752385
-72.23460328341135
-72.21311289325716
-72.19158023562635
-72.17000513169658
-72.14838739514609
-72.12672683203922
-72.10502324070976
-72.08327641164165
-72.06148612734728
-72.03965216224313
-72.01777428252268
-71.99585224602652
-71.97388580210958
-71.95187469150541
-71.9298186461873
-71.90771738922619
-71.8855706346454
-71.86337808727183
-71.84113944258364
-71.81885438655438
-71.79652259549329
-71.77414373588171
-71.75171746420547
-71.72924342678319
-71.70672125959017
-71.68415058807801
-71.66153102698951
-71.63886218016887
-71.6161436403671
-71.5933749890422
-71.57055579615431
-71.54768561995526
-71.52476400677274
-71.50179049078857
-71.47876459381105
-71.45568582504119
-71.43255368083248
-71.4093676444442
-71.38612718578776
-71.36283176116618
-71.33948081300619
-71.31607376958279
-71.29261004473607
-71.26908903758
-71.24551013220284
-71.2218726973589
-71.19817608615155
-71.17441963570677
-71.15060266683737
-71.12672448369722
-71.10278437342525
-71.07878160577891
-71.05471543275667
-71.0305850882091
-71.00638978743831
-70.98212872678512
-70.9578010832037
-70.93340601382309
-70.90894265549518
-70.88441012432878
-70.85980751520898
-70.8351339013016
-70.8103883335419
-70.78556984010716
-70.76067742587249
-70.7357100718491
-70.71066673460462
-70.68554634566459
-70.66034781089454
-70.63507000986176
-70.60971179517632
-70.58427199181004
-70.55874939639304
-70.53314277648676
-70.50745086983255
-70.48167238357495
-70.45580599345854
-70.42985034299755
-70.40380404261684
-70.37766566876336
-70.35143376298679
-70.32510683098815
-70.29868334163507
-70.27216172594235
-70.24554037601644
-70.21881764396224
-70.19199184075087
-70.16506123504654
-70.1380240519909
-70.11087847194322
-70.0836226291743
-70.05625461051223
-70.02877245393805
-70.00117414712894
-69.97345762594682
-69.94562077286994
-69.91766141536492
-69.88957732419661
-69.8613662116731
-69.83302572982285
-69.80455346850097
-69.77594695342141
-69.74720364411172
-69.71832093178676
-69.6892961371377
-69.6601265080323
-69.63080921712243
-69.6013413593543
-69.57171994937696
-69.54194191884417
-69.51200411360445
-69.48190329077394
-69.45163611568653
-69.4211991587149
-69.39058889195654
-69.35980168577768
-69.32883380520823
-69.29768140618017
-69.26634053160141
-69.2348071072569
-69.20307693752777
-69.17114570091952
-69.13900894538888
-69.10666208345901
-69.07410038711181
-69.04131898244533
-69.0083128440838
-68.97507678932686
-68.94160547202371
-68.90789337615705
-68.87393480912088
-68.83972389467495
-68.80525456555765
-68.77052055573812
-68.73551539228681
-68.70023238684266
-68.66466462665329
-68.6288049651635
-68.59264601212507
-68.55618012319975
-68.51939938902463
-68.48229562370781
-68.44486035271925
-68.40708480013976
-68.36895987522831
-68.33047615826491
-68.29162388562335
-68.25239293402475
-68.21277280391938
-68.17275260193989
-68.1323210223657
-68.09146632753276
-68.05017632711872
-68.00843835622778
-67.9662392521937
-67.92356533001318
-67.88040235631482
-67.83673552176141
-67.79254941177496
-67.74782797546509
-67.70255449263156
-67.656711538701
-67.61028094744609
-67.56324377132307
-67.51558023924908
-67.46726971162536
-67.41829063239615
-67.36862047791371
-67.31823570236033
-67.26711167945525
-67.21522264015007
-67.16254160598878
-67.10904031777865
-67.05468915918503
-66.99945707482621
-66.94331148240404
-66.88621817836083
-66.82814123650299
-66.76904289897622
-66.70888345891548
-66.64762113402354
-66.58521193025567
-66.52160949470182
-66.45676495666179
-66.3906267558015
-66.32314045615833
-66.25424854462761
-66.18389021241147
-66.11200111773893
-66.0385131279745
-65.96335403901377
-65.8864472696187
-65.8077115280664
-65.7270604481683
-65.64440219135737
-65.5596390111315
-65.47266677567418
-65.38337444394078
-65.29164348988779
-65.19734726882356
-65.10035031905466
-65.0005075910773
-64.89766359549645
-64.79165145962241
-64.68229188126682
-64.56939196660363
-64.45274393703305
-64.33212368774012
-64.20728917801505
-64.07797863032772
-63.94390851154013
-63.80477126539229
-63.66023276038534
-63.5099294112563
-63.35346492520632
-63.19040661568036
-63.020281216521944
-62.84257011739798
-62.65670392708359
-62.462056253991314
-62.25793657257637
-62.0435820191446
-61.81814793013198
-61.580696898865405
-61.33018608159419
-61.06545242824974
-60.78519544550376
-60.48795701619491
-60.172097696251015
-59.83576878306865
-59.476879291975536
-59.093056782536024
-58.6816007350561
-58.2394268788273
-57.763000504603994
-57.24825633999694
-56.69050201247081
-56.08430145620119
-55.423333827372076
-54.700222582555526
-53.90632838090244
-53.031498484681066
-52.0637645529653
-50.98898054176437
-49.79039357137612
-48.44814441052907
-46.938702943575
-45.23426150980277
-43.302141735237285
-41.10432866782633
-38.59734539902523
-35.73284411161271
-32.45954072535423
-28.727467037574232
-24.495878326545025
-19.746227296764257
-14.500687891723974
-8.843799326498662
-2.9396556653250583
2.9678567249637737
8.583092648792011
13.61413501927288
17.836550226462137
21.136884502104373
23.517927071292984
25.070155691968196
25.92917598028129
26.23839493767791
26.125977292306324
25.69559364515477
25.02617939614941
24.175884992852495
23.187045407285712
22.090628958061163
20.909676753675214
19.661756645286815
18.360634636222557
17.017385203324245
15.641122136146501
14.239481442693913
12.818945369837024
11.385065442917018
9.942621277243761
8.495738166467676
7.047977750942687
5.602410648111544
4.161676580499106
2.728035480870016
1.303411793046223
-0.11056658705563982
-1.5125337619310917
-2.901355001135961
-4.276099139006986
-5.636013829576718
-6.9805033632944
-8.30910880204157
-9.621490225937018
-10.917410913405696
-12.196723298396371
-13.459356567461208
-14.705305775745861
-15.934622375320355
-17.14740606191503
-18.343797857019208
-19.52397435134928
-20.688143042742457
-21.836538706418402
-22.96942073814085
-24.08707141103116
-25.189794984654405
-26.277917600647545
-27.351787892851647
-28.411778232044895
-29.45828651647577
-30.491738410090203
-31.512589921308876
-32.52133020710531
-33.51848448053757
-34.50461689520051
-35.4803332774489
-36.44628357654203
-37.40316390358197
-38.35171803141976
-39.29273822843794
-40.22706529790024
-41.155587689878054
-42.079239543108365
-42.9989974981484
-43.91587609982119
-44.8309215756332
-45.74520373771566
-46.659805709938944
-47.57581113142361
-48.494288436543215
-49.41627176552674
-50.3427380273434
-51.2745796292927
-52.212572421013796
-53.157338494064064
-54.10930365558583
-55.06864968302906
-56.035261894689114
-57.00867316302464
-57.98800626911805
-58.971917441326774
-59.95854499902284
-60.945468143722366
-61.92968195220321
-62.907595307881856
-63.87505857786646
-64.82742700150865
-65.75966374530367
-66.66648328430053
-67.54253132668923
-68.38259237039084
-69.18181096747674
-69.93590889706108
-70.64137872357662
-71.2956353446531
-71.89711122470135
-72.44528747480074
-72.94066058726119
-73.38465199454826
-73.7794733586516
-74.12796375077328
-74.43341544072904
-74.69940326247091
-74.92962921925577
-75.12779001522689
-75.29747131435272
-75.44206925799121
-75.56473737621292
-75.6683555381623
-75.75551688709656
-75.82852860819756
-75.8894226811351
-75.93997329817695
-75.98171824660994
-76.0159821686357
-76.04390016742671
-76.06644069794494
-76.08442705828926
-76.0985570865744
-76.10942088073614
-76.1175165076558
-76.12326376702683
-76.12701613654399
-76.12907105848939
-76.12967874182853
-76.1290496548649
-76.12736087608901
-76.12476145854238
-76.12137694822165
-76.11731318141227
-76.11265947042727
-76.1074912726826
-76.1018724247212
-76.09585701086343
-76.08949092563847
-76.08281317999055
-76.07585699335651
-76.06865070695598
-76.06121854789397
-76.05358126882058
-76.04575668380308
-76.03776011763344
-76.02960478292074
-76.02130209691713
-76.01286194802418
-76.00429292025858
-75.9956024825684
-75.98679714873735
-75.97788261265498
-75.96886386293403
-75.95974528019352
-75.95053071977611
-75.94122358221068
-75.93182687335076
-75.92234325580331
-75.91277509299906
-75.90312448703625
-75.89339331124745
-75.88358323828648
-75.87369576440561
-75.86373223048722
-75.85369384030508
-75.84358167641683
-75.83339671402635
-75.82313983310337
-75.81281182900345
