3.670166223467275
3.643721643643165
3.6201947977399396
3.598993865393487
3.5749646463310936
3.5380423603815925
3.473821228464584
3.3644867513060994
3.189823393722566
2.9281645392301314
2.557236864966148
2.054895587119998
1.399767445690303
0.5718251422852738
-0.4470836893670871
-1.6727344800833732
-3.1180386980618957
-4.792567095124198
-6.7020859041466
-8.848115672947374
-11.227528671308274
-13.832205932495505
-16.648778608438704
-19.658480052257502
-22.837134559245705
-26.15530576145373
-29.578622204145635
-33.06828977162995
-36.581790764522175
-40.07375821010527
-43.49700229249251
-46.80365466007416
-49.94638689726287
-52.879652650081326
-55.560899569202604
-57.9516978425238
-60.018736678029185
-61.734648269090044
-63.07862972383262
-64.03684605145756
-64.60261028398378
-64.77634887829794
-64.56537055638321
-63.98346387046942
-63.05035260451362
-61.791038694136944
-60.23506018949632
-58.41568784171642
-56.36907938829722
-54.13340683935843
-51.74797010769623
-49.25231076642689
-46.685342437327506
-44.08451844793774
-41.485061528866254
-38.9192828607932
-36.416017408170944
-34.000198537016786
-31.69258759036552
-29.50966434251228
-27.463673527575736
-25.562812519858937
-23.811537082808627
-22.210956774420367
-20.759289406416883
-19.45234469095567
-18.28401028708214
-17.246718103480134
-16.331874126157118
-15.53024052459648
-14.832263825917664
-14.228347205036869
-13.709068267602902
-13.26534608859589
-12.888562795334622
-12.570645785569923
-12.304116906475429
-12.082114743153625
-11.898395713025423
-11.747319048477607
-11.623820061893184
-11.523375388152886
-11.441963232600756
-11.376021043516289
-11.322402490904437
-11.278335172463017
-11.241380081455077
-11.20939355456045
-11.18049216331741
-11.15302081221813
-11.125524151658226
-11.096721296902672
-11.065483757955121
-11.030816423493945
-10.991841399563782
-10.947784476078937
-10.897963977814413
-10.841781748558219
-10.77871601525004
-10.708315881565795
-10.630197206280059
-10.54403963002784
-10.449584524195927
-10.346633647317276
-10.23504830731838
-10.1147488422464
-9.98571424764549
-9.847981795611531
-9.70164650867929
-9.546860371033858
-9.383831179970059
-9.212820961785724
-9.034143898122977
-8.848163730741021
-8.6552906343843
-8.455977568273454
-8.250716136296603
-8.040032003676743
-7.824479933285602
-7.604638517438502
-7.381104690647362
-7.154488115210427
-6.9254055346141286
-6.694475189575542
-6.462311388320927
-6.22951931668581
-5.996690165244445
-5.764396640327618
-5.533188914059792
-5.303591055900938
-5.076097975157268
-4.8511728910295915
-4.629245334404004
-4.410709674158397
-4.19592415051909
-3.9852103892138757
-3.778853362899781
-3.5771017607208933
-3.3801687227889943
-3.1882328938826276
-3.0014397495352796
-2.81990314782945
-2.643707061442342
-2.4729074466125667
-2.307534208504194
-2.147593225811306
-1.993068401135929
-1.8439237075659776
-1.700105205858904
-1.5615430105265204
-1.42815318692044
-1.2998395649486838
-1.1764954583782128
-1.058005281670944
-0.9442460589684742
-0.8350888222298636
-0.7303998975265813
-0.6300420802500639
-0.5338757014044404
-0.4417595883217018
-0.3535519240455187
-0.2691110103285155
-0.18829593966756875
-0.11096718215583223
-0.0369870930757088
0.03377965274580674
0.10146569386677129
0.16620067660142013
0.2281110051711721
0.2873196422200408
0.34394595453761667
0.39810559914144505
0.4499104451633684
0.4994685273260302
0.5468840270862074
0.5922572778644053
0.6356847910717534
0.6772592999385552
0.7170698184410185
0.7552017128853095
0.7917367839502276
0.8267533572450247
0.8603263806253381
0.892527526745539
0.9234252994747294
0.9530851430065468
0.9815695526134505
1.0089381861587299
1.035247975596576
1.0605532377991267
1.0849057841551257
1.1083550284814692
1.1309480928485982
1.1527299110207423
1.173743329246122
1.1940292042106648
1.2136264979994849
1.2325723699632363
1.2509022654245427
1.2686500011733415
1.2858478477573954
1.3025266085634257
1.318715695729793
1.3344432029384734
1.349735975143176
1.3646196753046524
1.3791188482235839
1.3932569815483475
1.40705656405828
1.4205391413156576
1.4337253687921248
1.446635062567907
1.4592872477049923
1.4717002044045557
1.4838915120429874
1.4958780911968006
1.5076762437468005
1.519301691172359
1.5307696111170799
1.5420946723344287
1.5532910680980194
1.5643725481618276
1.5753524493652549
1.5862437249643335
1.5970589727669449
1.6078104621533384
1.6185101600575535
1.6291697559864815
1.6398006861436443
1.650414156728175
1.6610211664783492
1.6716325285210587
1.682258891590891
1.6929107606870275
1.7035985172140045
1.7143324386790937
1.7251227179906437
1.7359794824267283
1.7469128123150313
1.7579327594864935
1.76904936555502
1.7802726800766777
1.791612778634999
1.8030797809149135
1.8146838688107891
1.8264353046242832
1.8383444494037349
1.8504217814847834
1.8626779152765494
1.8751236203650024
1.8877698409755794
1.9006277158672447
1.9137085987091496
1.927024079013222
1.940586003680096
1.9544064992300036
1.9684979947948023
1.9828732459399134
1.9975453593986003
2.0125278188038465
2.0278345114974172
2.043479756525244
2.059478333897289
2.0758455152346755
2.092597095905262
2.109749428770442
2.1273194596679446
2.1453247647679063
2.163783589947741
2.1827148923389927
2.2021383842138675
2.222074579392199
2.242544842358427
2.2635714402997564
2.2851775982837808
2.307387557822267
2.3302266390740556
2.353721306975274
2.3778992415941502
2.4027894130409777
2.428422161291053
2.454829281301727
2.4820441138439264
2.5101016425011835
2.5390385973287266
2.5688935657092316
2.599707110983047
2.631521899495226
2.66438283674006
2.698337213365676
2.7334348618518334
2.7697283247644577
2.8072730355614794
2.8461275130248964
2.8863535704891774
2.928016541151237
2.97118552086431
3.0159336299647066
3.062338295816005
3.110481557934577
3.1604503977362697
3.2123370951524066
3.26623961458381
3.3222620229193467
3.380514942619186
3.441116043171064
3.5041905745785584
3.5698719469112916
3.6383023603866604
3.709633490914541
3.7840272365681926
3.8616565310383066
3.9427062307763094
4.027374083267432
4.1158717846957416
4.208426136167702
4.305280308688282
4.406695228215369
4.5129510933909955
4.624349039965807
4.74121296752088
4.863891545852823
4.992760420362572
5.128224637986136
5.270721317645268
5.420722591920253
5.578738849653178
5.745322312532437
5.921070982387278
6.1066329999692925
6.302711460422472
6.510069735470836
6.729537357541631
6.9620165266150025
7.2084893064590005
7.470025583007782
7.747791863812381
8.043061003554897
8.357222946202683
8.691796579114452
9.048442797591179
9.428978879174963
9.835394264212027
10.26986783117593
10.734786739790536
11.23276688914018
11.76667499772293
12.339652252547069
12.955139387981944
13.616902933019617
14.32906219612164
15.09611632463475
15.922970461371904
16.814959599755355
17.777868180216956
18.817942736862108
19.941893949998644
21.15688323546351
22.47048744921898
23.890633348367203
25.425491078171092
27.083313121776484
28.872201873302288
30.799785374588566
32.87277702103552
35.09639162244952
37.473587818360556
40.004106603510934
42.68327922933565
45.500587218613475
48.43797550682979
51.46795020447513
54.55153879256187
57.63625581925339
60.65430239480037
63.521329276674834
66.13619863079848
68.3822627277955
70.13069652223919
71.24631979900826
71.5960699853764
71.05981686285162
69.54259095685629
66.98666502989568
63.38149502552028
58.769511971915165
53.24628120891376
46.954546117787075
40.072890564154164
32.80082170505722
25.342672760172533
17.892711814136533
10.623295335056113
3.677060065651361
-2.8367180224925193
-8.842140756430297
-14.294004803651603
-19.173443478400074
-23.482814868024988
-27.240545964188385
-30.47640305292667
-33.227444449027885
-35.53474753869061
-37.44089225964409
-38.98812019420198
-40.21706047980132
-41.16590884909627
-41.869954544647214
-42.36136460365415
-42.66915156932072
-42.81926648332785
-42.83477280700794
-42.73606829763395
-42.54113088825562
-42.26577156749897
-41.92388249132023
-41.52767244162774
-41.087884595764024
-40.61399364963975
-40.114380852704414
-39.596486620510234
-39.06694120232487
-38.53167447400864
-37.996006350354605
-37.46471959747737
-36.94211699337899
-36.43206484589001
-35.93802484199102
-35.46307608226755
-35.00992896303927
-34.58093232375859
-34.17807499861567
-33.80298262055504
-33.45691024490037
-33.140731109270405
-32.854921645208606
-32.59954272128596
-32.37421704131293
-32.17810265670323
-32.00986268942302
-31.867631610697913
-31.7489787888573
-31.6508705133964
-31.569632323508756
-31.50091421272947
-31.43966212985589
-31.380100115009952
-31.31572833896854
-31.23934316231015
-31.143085969897868
-31.018527797961042
-30.856796453835784
-30.64875171198281
-30.385212044885748
-30.05723306047969
-29.656433330790435
-29.17535775325547
-28.607862372021202
-27.949498360283656
-27.197867538730804
-26.352918451448772
-25.41715169626059
-24.395706714594212
-23.29630987954431
-22.12907506135366
-20.90616169985367
-19.641309920385197
-18.34928520236872
-17.045274468702587
-15.744279706174211
-14.460553766435282
-13.207116282617903
-11.995377010784978
-10.834881258756468
-9.733179397596814
-8.695811469325463
-7.726389749705618
-6.826757278301443
-5.997198712794329
-5.23668085415693
-4.543103051557864
-3.913541621080867
-3.34447668799271
-2.831993948423701
-2.3719573948409334
-1.9601518872804036
-1.5923965416919827
-1.2646313030114698
-0.9729798804704615
-0.7137925732740769
-0.4836725313998613
-0.2794887896925502
-0.09837907402982182
0.062255025175659284
0.20475833554826295
0.3312360663653635
0.4435700434271439
0.5434361246858543
0.6323219766528609
0.7115446146605109
0.7822672897430039
0.8455154463837289
0.9021915843698025
0.9530889400144815
0.9989039621495976
1.040247601018791
1.0776554573340036
1.1115968575080615
1.142482931980453
1.1706737787244492
1.1964847950724788
1.220192259193027
1.2420382388444295
1.2622349001594557
1.2809682836706315
1.2984016090217665
1.3146781639824212
1.32992382780742
1.344249273644209
1.3577518897574237
1.3705174547948218
1.3826215981760015
1.3941310729694578
1.405104865273188
1.4155951611394357
1.4256481894517492
1.4353049568177312
1.4446018885001877
1.4535713876023237
1.4622423231287485
1.470640456192882
1.4787888123925086
1.4867080073685202
1.494416531605225
1.501930999758656
1.5092663691007147
1.5164361310530694
1.5234524792771253
1.5303264573236675
1.5370680884490184
1.5436864898742897
1.5501899734505287
1.5565861344521181
1.5628819299831775
1.5690837482992492
1.575197470170906
1.5812285232726708
1.5871819304567225
1.5930623526526233
1.598874127050749
1.6046213011355803
1.6103076630628266
1.615936768819779
1.6215119665423572
1.627036418324792
1.632513119815826
1.6379449178458572
1.6433345263249066
1.6486845405910344
1.6539974503950816
1.659275651671237
1.6645214572173472
1.6697371064236677
1.6749247741302042
1.680086578729174
1.6852245895711349
1.690340833770847
1.6954373024555025
1.7005159565309214
1.7055787320032323
1.7106275449083341
1.7156642958934754
1.7206908744765315
1.7257091630267496
1.7307210404891293
1.7357283858865458
1.7407330816121203
1.7457370165493558
1.750742089023447
1.7557502096138933
1.760763303842623
1.765783314745022
1.770812205350012
1.7758519610697476
1.7809045920245126
1.7859721352988345
1.791056657150989
1.7961602551810074
1.8012850604668529
1.8064332396733107
1.8116069971557636
1.816808577045208
1.8220402653429346
1.827304392016913
1.8326033331220515
1.8379395129301201
1.8433154061017376
1.848733539885643
1.8541964963628743
1.8597069147426737
1.8652674937118263
1.870880993845958
1.8765502400952982
1.8822781243403597
1.888067608036863
1.8939217249476314
1.8998435839750982
1.9058363720984062
1.9119033574236255
1.9180478923567534
1.9242734169074538
1.9305834621269469
1.9369816537022189
1.9434717156974557
1.9500574744722599
1.9567428627721029
1.9635319240074978
1.9704288167361028
1.9774378193545772
1.984563335017242
1.9918098967934839
1.9991821730724268
2.0066849732432956
2.0143232536548794
2.0221021238728554
2.0300268532616883
2.0381028778967902
2.0463358078370675
2.0547314347783185
2.0632957401011254
2.0720349033479124
2.0809553111541845
2.090063566648155
2.099366499369353
2.1088711757147394
2.11858490996633
2.1285152759173798
2.138670119149424
2.1490575699914416
2.159686057210024
2.1705643224726145
2.181701435637251
2.1931068109188345
2.204790223992177
2.2167618300909453
2.229032183166737
2.2416122561850216
2.254513462624459
2.2677476792699736
2.2813272703842813
2.295265113347682
2.309574625875257
2.324269794917768
2.339365207363926
2.3548760826702164
2.3708183075621037
2.387208472949851
2.404063913220398
2.421402748081505
2.43924392714689
2.457607277461875
2.476513554199755
2.49598449475684
2.516042876519009
2.536712578569791
2.5580186476616973
2.579987368771981
2.602646340614001
2.6260245564986917
2.6501524909775753
2.6750621927408247
2.700787384280261
2.727363568882879
2.7548281455659662
2.783220532633095
2.812582300575741
2.8429573151385057
2.874391891422192
2.9069349600092664
2.94063824616444
2.9755564632949927
3.0117475219617518
3.049272755854986
3.0881971663222885
3.1285896871622754
3.170523471613933
3.214076203649938
3.259330435922152
3.3063739569539052
3.355300190462458
3.4062086300093597
3.459205312532845
3.514403334720555
3.5719234166316483
3.631894517475871
3.6944545090429415
3.759750912911386
3.8279417082927125
3.8991962182049633
3.9736960825845813
4.0516363280198675
4.1332265449830174
4.218692184803388
4.308275990183006
4.402239574819475
4.500865169726751
4.604457556144439
4.713346207569202
4.8278876664554105
4.94846818459223
5.075506660137137
5.209457908843831
5.350816312264044
5.500119891742656
5.657954863982297
5.824960741969676
6.001836054326475
6.189344766833642
6.388323502251865
6.599689668851738
6.824450624602605
7.0637140230951445
7.318699509384601
7.5907519594949235
7.881356486817026
8.192155472623881
8.524967917010429
8.88181145135377
9.264927404500156
9.676809372882929
10.120235810038025
10.598307223679058
11.114488648258316
11.67265814663665
12.277162183770542
12.93287880390892
13.645289623508745
14.420561713452287
15.265640468302877
16.188354520052428
17.197533608326694
18.303140008047478
19.51641355109615
20.85002933337904
22.31826569135052
23.937177706336286
25.724767994975082
27.701141383539323
29.888622593554146
32.31180544475109
34.997487263699725
37.97442195355217
41.27279825477757
44.92331504204458
48.95568273153202
53.39633037135201
58.26504638028467
63.570237666227456
69.30247746121097
75.42606347772733
81.8684868472144
88.50811386364668
95.16113055600727
101.57000175315957
107.39731707071542
112.2305430462481
115.60391347883822
117.04202052293248
116.12438935707587
112.56175576660091
106.26592565425301
97.3911087563685
86.32976664735631
73.65996032314996
60.05785076257119
46.20002377269847
32.68063412437083
19.95932593061159
8.343377807409205
-2.0024555389993104
-11.029489238819057
-18.77275315842205
-25.320361188585316
-30.788611136932698
-35.303956861184545
-38.99126744272806
-41.96703963749037
-44.336115993711864
-46.190665380877874
-47.61049038502264
-48.664021279627505
-49.409592409357685
-49.896765992638414
-50.16758005795033
-50.257665939266616
-50.19722004260302
-50.01183509851856
-49.72320535644876
-49.34972309979308
-48.90698352632256
-48.40821323688971
-47.86463529013915
-47.285781509538225
-46.679760692076684
-46.05348963745044
-45.41289249198911
-44.76307275222382
-44.10846135984613
-43.45294360567294
-42.799967013367706
-42.152631967806684
-41.51376656598899
-40.88598698033081
-40.27174451577295
-39.673360493627854
-39.0930500859821
-38.53293623405506
-37.995054792154974
-37.48135202809806
-36.993675567169646
-36.5337597809787
-36.10320649184757
-35.70346169066454
-35.33578876002906
-35.001238468449856
-34.700615772207186
-34.43444324865112
-34.20292080888629
-34.00588122067177
-33.842740936237306
-33.712445787916465
-33.613411311597474
-33.543457810081634
-33.49974080261859
-33.478678249603604
-33.47587691494766
-33.486061445076416
-33.503011195631984
-33.51951148560488
-33.527327716970206
-33.51721251371288
-33.478957473110995
-33.40150195747668
-33.27311117009913
-33.08163407661823
-32.81484807316673
-32.46089128799042
-32.00877490209223
-31.44895716874089
-30.773948752127183
-29.978907094018723
-29.06216784556875
-28.025656384543822
-26.87512433006475
-25.620166223156957
-24.27399019054576
-22.85294165754408
-21.375807461511158
-19.862954311386716
-18.335375601707256
-16.81373038544166
-15.317456185020433
-13.864024103959878
-12.46838339896783
-11.142617585356334
-9.895809740311279
-8.734094556086802
-7.660861037065274
-6.67706310347171
-5.7815950216655665
-4.971692970443655
-4.243331326389921
-3.591590685982169
-3.010982891944991
-2.495725517604228
-2.039963945318277
-1.6379432566168362
-1.2841347636549472
-0.9733234075781638
-0.7006627240480157
-0.4617039118795674
-0.2524049781135318
-0.06912515995225021
0.09139102338963312
0.2320365673847391
0.3553688673292754
0.46363859550467623
0.5588190308839103
0.6426347544811506
0.7165889810966064
0.7819890733367174
0.8399699898996005
0.891515570106094
0.9374776621541514
0.97859317371217
1.0154991684987635
1.0487461583159075
1.0788097519093753
1.1061008242228354
1.1309743652765292
1.153737159352204
1.1746544342219067
1.1939556079511249
1.2118392482949503
1.2284773473982114
1.2440190028178222
1.2585935850069063
1.2723134614515175
1.2852763386666766
1.2975672752571654
1.3092604121169416
1.3204204595956526
1.3311039759906862
1.3413604669352708
1.351233331118351
1.3607606741749123
1.3699760094982594
1.3789088620404755
1.3875852888867257
1.3960283284006891
1.4042583880547
1.4122935796086722
1.4201500090479158
1.4278420276372117
1.4353824495310619
1.442782740604116
1.450053182497868
1.4572030153061633
1.4642405618462817
1.4711733360229573
1.4780081374686915
1.4847511342992448
1.4914079355992271
1.4979836549991887
1.5044829665367843
1.5109101538087089
1.5172691533024363
1.5235635926575242
1.5297968245079119
1.5359719564764873
1.542091877803955
1.5481592830320778
1.554176693117597
1.5601464742786675
1.5660708548637103
1.5719519404700577
1.5777917275295295
1.583592115536021
1.5893549180765376
1.5950818728020977
1.6007746504612896
1.606434863098798
1.61206407151667
1.6176637920744952
1.6232355029052314
1.6287806496052326
1.6343006504570212
1.6397969012365365
1.6452707796423738
1.6507236493902155
1.65615686400713
1.661571770355863
1.6669697119152715
1.672352031842479
1.677720075842899
1.6830751948589295
1.6884187476046009
1.6937521029592517
1.6990766422298975
1.7043937613073012
1.709704872712905
1.7150114075661804
1.7203148174598937
1.7256165762802311
1.7309181819513242
1.736221158139415
1.741527055903589
1.7468374553141075
1.7521539670337916
1.7574782338812156
1.7628119323711644
1.768156774242584
1.7735145079785752
1.7788869203286595
1.7842758378276358
1.7896831283292158
1.7951107025447754
1.8005605156099591
1.806034568666064
1.8115349104698453
1.817063639040839
1.8226229033382424
1.828214904983838
1.8338419000298245
1.8395062007772367
1.8452101776517793
1.8509562611387764
1.856746943785197
1.8625847822721653
1.86847239956478
1.8744124871454915
1.8804078073321762
1.886461195690572
1.8925755635513042
1.8987539006275256
1.9049992777485159
1.9113148497154953
1.9177038582785144
1.9241696352560211
1.930715605794262
1.937345291775614
1.9440623153928982
1.9508704028896773
1.957773388483588
1.964775218473278
1.9718799555562327
1.9790917833495314
1.9864150111430945
1.9938540788859882
2.001413562425114
2.0090981790133355
2.016912793094434
2.0248624223887646
2.0329522442932557
2.0411876026156506
2.0495740146617436
2.058117178695511
2.0668229817977135
2.0756975081445717
2.084747047726978
2.0939781055488993
2.103397411320884
2.1130119296867633
2.1228288710136667
2.1328557027817396
2.1431001616099365
2.1535702659537037
2.1642743295279843
2.1752209754885143
2.1864191514293907
2.1978781452446583
2.209607601911898
2.2216175412592065
2.233918376779229
2.2465209355544857
2.2594364793843624
2.272676727172893
2.286253878682487
2.3001806397365954
2.3144702489747715
2.3291365062675595
2.344193802908876
2.3596571537126465
2.3755422311461416
2.3918654016523533
2.408643764315457
2.42589519204671
2.44363837546814
2.461892869708322
2.480679144316582
2.5000186365440413
2.519933808238193
2.5404482066397804
2.56158652938268
2.583374694024201
2.6058399124735843
2.6290107707052357
2.6529173141875617
2.67759113948955
2.7030654925818
2.7293753743862226
2.7565576541792325
2.7846511915220162
2.8136969674443435
2.84373822568341
2.8748206248553743
2.9069924025299088
2.940304552259363
2.9748110147380658
3.0105688843713097
3.0476386326762395
3.0860843500664714
3.125974007762693
3.1673797417158767
3.2103781606764414
3.255050680723457
3.301483888865846
3.3497699385742408
3.400006980455146
3.4522996316033527
3.506759487605109
3.563505681590584
3.622665495262254
3.6843750273959586
3.7487799259594112
3.816036190737009
3.8863110541760193
3.959783949119071
4.036647573154255
4.117109060543669
4.201391274064861
4.289734230688964
4.382396676821543
4.479657830886197
4.581819313391122
4.689207287313195
4.8021748347332505
4.921104599199566
5.046411727384452
5.1785471483054835
5.3180012337833205
5.465307890083011
5.6210491378823235
5.785860246080574
5.960435494621947
6.14553465271058
6.341990271789086
6.550715907735878
6.772715404241296
7.009093389679322
7.261067163417749
7.529980174986974
7.81731733141612
8.124722405048317
8.454017857033591
8.807227441261034
9.186602010647107
9.594649013314438
10.03416624110855
10.50828047780385
11.020491789570883
11.574724305562256
12.175384450540037
12.827427711403345
13.536435139743901
14.308700903721672
15.151332289056825
16.07236358627432
17.0808852515745
18.187189534290553
19.402933338719492
20.741318304945935
22.217286766429538
23.847730103797744
25.65170268351693
27.65062951333249
29.86848823074922
32.33193508460289
35.070328901535675
38.11558507983847
41.50176162558665
45.26423933928044
49.43830717235869
54.056901669500235
59.147179674136225
64.72553569077178
70.79063033754608
77.3140147130573
84.22809019589408
91.41155464813338
98.67332625435168
105.7373852813032
112.23306683272625
117.69766216582269
121.5995389407395
123.38837397684927
122.57260516132106
118.81296303745167
112.0088733849694
102.34883100726017
90.30272736461413
76.55310405392441
61.884597625199554
47.064593937975516
32.74682296337151
19.416162102148853
7.376103160653962
-3.2317850274261417
-12.391425780143202
-20.17199563573932
-26.692324728055237
-32.093658664911345
-36.5211616708422
-40.112781785837036
-42.99353062696222
-45.27334165864077
-47.04706250861579
-48.39557049626693
-49.387367124788675
-50.0802763660932
-50.52305074634539
-50.75679926876404
-50.81621352065227
-50.73060024004846
-50.524742525299686
-50.21961585771486
-49.83298413313889
-49.37989781294888
-48.8731126335837
-48.32344379643985
-47.740067498612575
-47.130779133832306
-46.50221546003024
-45.86004642322962
-45.20914106827206
-44.553710985041874
-43.89743397749953
-43.24356005859613
-42.595001434631854
-41.9544078235532
-41.32422823364365
-40.70676019496858
-40.104187369176
-39.518606446364686
-38.95204425245254
-38.406466017863465
-37.88377578020459
-37.385809893616795
-36.91432458293946
-36.470978403716
-36.05731034690933
-35.67471416333973
-35.32440928601147
-35.00740851196525
-34.72448238604386
-34.47612002631388
-34.26248596609241
-34.08337248287353
-33.93814686365886
-33.825693144325726
-33.74434808482107
-33.691831531154435
-33.665171899803
-33.66062833000029
-33.67361210955153
-33.698611303673545
-33.729124095364966
-33.75760813502552
-33.775455097469376
-33.77300148321609
-33.73958821277455
-33.66368237930061
-33.53307418060268
-33.33516001599321
-33.05731848560299
-32.687379177455966
-32.21417457326055
-31.62815353345877
-30.922021671906066
-30.09136126129647
-29.13517350714301
-28.05628176235075
-26.86153790534945
-25.56178703216517
-24.17156748158618
-22.70855163145086
-21.192763605868663
-19.645637672252292
-18.08900051355181
-16.544068080731336
-15.030542195557928
-13.565875062603254
-12.164745157968468
-10.838760502630862
-9.596379858314208
-8.443022477452473
-7.381324553855393
-6.411495603820185
-5.531729499922449
-4.738630902625118
-4.027626351724507
-3.3933385079109257
-2.829910663573969
-2.331275881556394
-1.89137063659075
-1.5042966281748704
-1.1644367146971035
-0.866531993423223
-0.6057272453085716
-0.3775915733041302
-0.17812033039774633
-0.0037235417528336257
0.14879489883696806
0.28226385348034455
0.3991747625258313
0.5017127090093254
0.5917873197307699
0.6710625374796564
0.7409846411309218
0.8028081493921491
0.8576194346142074
0.9063580090133883
0.949835538826278
0.9887527025625786
1.0237140458218619
1.0552410038542348
1.0837832692351412
1.10972867971725
1.133411793474579
1.1551213077541433
1.175106463932707
1.1935825683337953
1.210735744502358
1.2267270196070967
1.2416958353946939
1.2557630628936067
1.2690335899435468
1.2815985414954412
1.293537184612319
1.3049185629779458
1.3158028995189852
1.3262428003497462
1.336284288523757
1.3459676920570018
1.3553284071497274
1.3643975545443254
1.373202544360197
1.3817675625250558
1.3901139900275439
1.3982607645760936
1.4062246928779132
1.414020720533813
1.42166216556177
1.4291609206617295
1.4365276286230255
1.4437718346147221
1.4509021185864412
1.457926210525784
1.4648510909313472
1.4716830785295087
1.4784279069647255
1.4850907919577594
1.491676490210807
1.498189351156043
1.5046333625002717
1.5110121903779827
1.517329214810843
1.523587561085833
1.5297901275710046
1.5359396104241796
1.5420385255754354
1.5480892283352432
1.554093930911904
1.5600547180952162
1.5659735613252224
1.5718523313472588
1.5776928096028087
1.5834966985238452
1.589265630840373
1.5950011780194018
1.60070485793824
1.6063781418660028
1.612022460839171
1.617639211492019
1.623229761401035
1.6287954539950533
1.6343376130777187
1.6398575470037713
1.6453565525387148
1.650835918442226
1.6562969287991791
1.6617408661255695
1.6671690142675288
1.672582661124693
1.6779831012024715
1.683371638022777
1.688749586397762
1.6941182745921424
1.6994790463712661
1.704833262962211
1.710182304926775
1.7155275739634135
1.7208704946432363
1.726212516086889
1.7315551135948226
1.7368997902377714
1.7422480784074423
1.7476015413404866
1.7529617746220083
1.758330407668609
1.7637091052034748
1.7690995687212308
1.7745035379567753
1.7799227923524086
1.7853591525374668
1.7908144818221672
1.7962906877039586
1.8017897234000202
1.80731358940875
1.812864335099107
1.818444060335196
1.8240549171457587
1.8296991114357297
1.8353789047461078
1.841096616070672
1.8468546237340888
1.8526553673262924
1.8585013497141745
1.8643951391243263
1.8703393713036576
1.8763367517675533
1.8823900581401176
1.8885021425876403
1.8946759343577924
1.9009144424273927
1.9072207582667033
1.9135980587299173
1.9200496090701336
1.926578766097009
1.9331889814833403
1.9398838052217116
1.9466668892494
1.9535419912443786
1.9605129786060616
1.9675838326321582
1.97475865289789
1.982041661856897
1.989437209663265
1.996949779249917
2.0045839916497243
2.0123446116002697
2.020236553427708
2.0282648872392883
2.0364348454376113
2.0447518295742384
2.053221417563691
2.061849371283415
2.070641644575062
2.0796043916755025
2.08874397610316
2.0980669800286478
2.1075802141541544
2.1172907281368225
2.1272058215902234
2.137333055697468
2.1476802654711946
2.1582555727121644
2.169067399696587
2.1801244836484557
2.191435892042932
2.203011038798195
2.21485970140634
2.2269920390777997
2.2394186119498727
2.252150401444055
2.2651988318443728
2.2785757931791295
2.292293665491343
2.3063653446035914
2.3208042694722053
2.335624451245053
2.3508405041411606
2.366467678286881
2.3825218946450377
2.399019782185974
2.415978717471603
2.433416866822995
2.451353231269877
2.469807694480437
2.488801073910736
2.5083551754073596
2.5284928515327465
2.5492380639025214
2.5706159498548686
2.5926528937782223
2.615376603490631
2.6388161920556286
2.663002265497312
2.6879670168779057
2.713744327283507
2.740369874281896
2.7678812484890614
2.796318078938498
2.8257221679990607
2.8561376366877766
2.8876110812763045
2.920191742197744
2.953931686355986
2.988886004048368
3.0251130218374556
3.0626745328441984
3.101636046087606
3.14206705666777
3.184041338778343
3.2276372637392114
3.272938145499893
3.320032616296089
3.369015035474945
3.4199859348160544
3.473052504058103
3.528329120763658
3.585937929136662
3.6460094729295633
3.708683388199745
3.7741091623468037
3.842446966644104
3.9138685703508713
3.988558345495221
4.0667143725369215
4.148549658415561
4.234293479949258
4.324192867219097
4.418514243481582
4.517545240329071
4.621596709311291
4.731004954092839
4.846134210496871
4.967379405557892
5.095169231039733
5.229969571871607
5.372287335715669
5.522674736536715
5.681734092724184
5.850123209236813
6.028561423532608
6.217836407026027
6.418811827680031
6.632435995466892
6.859751631168649
7.101906920759404
7.360168042935129
7.635933386783904
7.930749710784255
8.246330534001913
8.584577096343082
8.947602277890496
9.337757928626331
9.75766613015395
10.210254991227998
10.698799669613095
11.226969414275061
11.798881533661074
12.41916331614675
13.093023053990294
13.826331445658298
14.625714761835411
15.498661239423939
16.453642186447723
17.500249194457353
18.64934859635838
19.913253775922612
21.30591498214585
22.84312471094978
24.5427341774743
26.42487247337243
28.512154069923383
30.829851549451632
33.405997708264294
36.27136304603681
39.45922940969069
43.004846276683395
46.944411048778534
51.31335777116419
56.14367090874282
61.45986744555188
67.2732248794128
73.57380232904973
80.31985948286433
87.42451594215709
94.74005850455256
102.0413895722595
109.01187595578904
115.2372105809097
120.21513189355062
123.38934366956195
124.21251587815789
122.23438006171975
117.19819575400734
109.11800211738232
98.30790448331015
85.34746227758156
70.98982610851442
56.04010252326447
41.23946865832757
27.18304596107796
14.282867585897279
2.771133572346649
-7.270222111675935
-15.868957767412013
-23.12256738647278
-29.16538115461652
-34.144801874523765
-38.20605062076067
-41.48359816519396
-44.09725651787391
-46.15119902048108
-47.734627929497265
-48.923235313057894
-49.780937202858695
-50.361593730700136
-50.71057648067448
-50.866131720353174
-50.86053527584234
-50.7210572045647
-50.470762718577475
-50.12917672356828
-49.71283682831583
-49.23575593853435
-48.70981169337995
-48.14507653105025
-47.550099248968536
-46.93214655800503
-46.29741125400855
-45.65119215871363
-44.998049834854896
-44.34194118891455
-43.686335386355495
-43.03431297883748
-42.38864975151003
-41.75188651906865
-41.126385913743064
-40.51437710047722
-39.91798930779822
-39.33927505990937
-38.780224018065894
-38.24276836870979
-37.72878071449725
-37.24006541697037
-36.778344294830276
-36.345237493089826
-35.942240205073404
-35.57069575614918
-35.2317653553456
-34.926394603023425
-34.65527662723531
-34.418811528320816
-34.217061662174615
-34.04970221039605
-33.91596649432927
-33.81458561574618
-33.74372227757078
-33.700899083496836
-33.68292226658724
-33.68580268336416
-33.704677054483625
-33.73373384449678
-33.76614983398525
-33.79404528864086
-33.808467552186414
-33.79941468352513
-33.75591212543952
-33.666155929920194
-33.517735278507814
-33.29794438150145
-32.99418881324499
-32.594483613213754
-32.08803007895966
-31.465845666289738
-30.721408057869155
-29.851262253057484
-28.85553101641449
-27.738266886320275
-26.50759036728914
-25.175574833844507
-23.75786311147749
-22.273030629085042
-20.741740695923454
-19.185763341161532
-17.626945365985875
-16.08622279341205
-14.58275744193827
-13.133259276642661
-11.751529832833398
-10.448234419847608
-9.230886530163502
-8.104010007382954
-7.069434379549762
-6.126676016895658
-5.2733609557276395
-4.50565233416512
-3.8186543949984753
-3.206774258849805
-2.6640310003500645
-2.1843083305577693
-1.7615521859403316
-1.3899178310924754
-1.0638729534701952
-0.7782639878496411
-0.5283528799679971
-0.3098309663312193
-0.11881583621004665
0.04816388206961619
0.19419179307590184
0.3219919037564978
0.433959282190699
0.5321914318005838
0.6185191245430133
0.6945358462456852
0.7616253228263759
0.8209868327344338
0.8736581832056345
0.9205363491759044
0.962395855473801
0.9999050347960292
1.0336403238250114
1.06409877377871
1.091708954552928
1.1168404269830035
1.1398119484164226
1.160898564641002
1.1803377277175287
1.1983345653885635
1.2150664141205425
1.2306867148885203
1.2453283588121167
1.259106558797498
1.27212131345118
1.2844595207354814
1.2961967910581507
1.3073990026390447
1.3181236360395587
1.3284209195359153
1.3383348125211114
1.347903850247576
1.3571618698466636
1.3661386347149573
1.3748603718636332
1.3833502347188187
1.3916287020481377
1.3997139221385169
1.4076220100173487
1.4153673043972503
1.4229625900236442
1.4304192903210833
1.4377476344890283
1.4449568026276438
1.4520550519443987
1.4590498266551322
1.4659478538220583
1.4727552270608157
1.4794774797468335
1.486119649158013
1.4926863327536921
1.4991817376449035
1.5056097241529187
1.5119738442314201
1.5182773754150958
1.5245233508801448
1.5307145861066829
1.5368537025716478
1.5429431488502132
1.5489852194417608
1.5549820716029217
1.560935740427567
1.5668481523840683
1.5727211374974104
1.578556440328498
1.5843557298944688
1.5901206086499542
1.5958526206389934
1.6015532589051418
1.6072239722433324
1.6128661713685233
1.6184812345630917
1.624070512855269
1.6296353347809145
1.6351770107741004
1.6406968372217534
1.6461961002192993
1.6516760790528906
1.6571380494468713
1.6625832865878465
1.668013067955485
1.6734286759771066
1.6788314005265192
1.6842225412790413
1.6896034099397639
1.6949753323592631
1.700339650547562
1.705697724596007
1.711050934521836
1.7164006820388522
1.721748392268978
1.727095515396968
1.7324435282802142
1.737793936018761
1.7431482734929205
1.748508106871327
1.7538750351030785
1.7592506913899797
1.7646367446519662
1.77003490098798
1.775446905132867
1.780874541926778
1.7863196377896884
1.7917840622084213
1.7972697292492512
1.8027785990898337
1.8083126795789894
1.8138740278311616
1.8194647518578222
1.8250870122375318
1.8307430238365896
1.836435057576864
1.842165442260466
1.8479365664558145
1.8537508804467961
1.8596108982541182
1.865519199729988
1.8714784327363532
1.8774913154067008
1.8835606385039227
1.889689267870267
1.8958801469892705
1.9021362996528524
1.9084608327477781
1.9148569391683168
1.9213279008596373
1.9278770920027455
1.934507982346645
1.9412241406979547
1.948029238577078
1.9549270540500174
1.9619214757443615
1.9690165070659305
1.9762162706166464
1.9835250128403459
1.9909471088936925
1.9984870677660638
2.006149537660349
2.0139393116465953
2.0218613336049884
2.029920704482606
2.0381226888679294
2.046472721917212
2.054976416640102
2.0636395715746403
2.0724681788743737
2.0814684328240673
2.0906467388181227
2.1000097228312598
2.1095642413990845
2.1193173921528796
2.1292765249410195
2.1394492535608833
2.149843468159247
2.1604673483244596
2.171329376927247
2.182438354753913
2.193803415977982
2.205434044532808
2.2173400914385866
2.2295317931479985
2.242019790979839
2.2548151517071346
2.2679293893889962
2.281374488515553
2.2951629285711306
2.309307710099233
2.3238223823886983
2.3387210728787977
2.354018518418002
2.3697300984997582
2.385871870626488
2.4024606079427713
2.4195138393162097
2.437049892044456
2.4550879373720136
2.4736480390470206
2.492751205130048
2.5124194433152525
2.532675820029908
2.5535445236056376
2.575050931841929
2.5972216843109663
2.6200847597806387
2.6436695591706894
2.668006994488792
2.6931295842433656
2.7190715558640477
2.745868955727815
2.7735597674154633
2.8021840389237695
2.8317840195853705
2.86240430755754
2.8940920087984523
2.9268969085563867
2.9608716564945325
2.9960719666866
3.032556833845206
3.0703887672848396
3.1096340442769588
3.1503629846321246
3.1926502485322317
3.236575159856443
3.2822220574917083
3.3296806773830667
3.379046568387025
3.4304215453366282
3.4839141831122333
3.539640355934921
3.5977238266013956
3.6582968909215197
3.721501083239218
3.7874879496263247
3.8564198961248053
3.9284711203225697
4.003828635563593
4.082693398252388
4.165281550041868
4.251825788187773
4.342576879072908
4.437805331863842
4.537803251499497
4.642886392773846
4.753396440222559
4.869703541885997
4.9922091289082005
5.121349057390603
5.25759711406522
5.40146893328199
5.553526379661093
5.7143824586876235
5.8847068266982205
6.065231982346688
6.256760233959255
6.460171551521228
6.676432428649548
6.906605899251588
7.151862876026769
7.413495004108199
7.692929253502712
7.991744509276373
8.311690459368037
8.654709127355886
9.022959452304633
9.418845380967298
9.845048009990194
10.304562398212909
10.800739762274532
11.33733587263066
11.918566581117602
12.549171533339063
13.234487245291575
13.980530846356771
14.794095897551927
15.682861764627773
16.65551802865025
17.721905303681922
18.89317352892334
20.181958202289536
21.60257396354467
23.171223184853318
24.906214450521986
26.82818153290185
28.96028704059745
31.328385434624693
33.961106397871106
36.88980010621776
40.14825899723746
43.77209422722018
47.79759742981469
52.25985889318366
57.18984348587895
62.61005205236188
68.52833409600407
74.92939908432248
81.76365801474418
88.93331679002102
96.2762974435276
103.5497802078747
110.41707212040819
116.44393153248217
121.11253303324133
123.86114524705704
124.1530828687862
121.56854974436982
115.89998339326776
107.22194805252016
95.90817142705231
82.58382976772106
68.02457483252184
53.032824429269674
38.326618814085016
24.46617536783279
11.825867756122861
0.6042317141999121
-9.1428982281246
-17.461018030240787
-24.457969355685236
-30.272783732896418
-35.05373557159306
-38.94461330000855
-42.07727000684547
-44.56845329849005
-46.51926518124814
-48.0160611089523
-49.13200983834493
-49.928849472185135
-50.45858923546529
-50.76504078001914
-50.88514044458471
-50.850064774286
-50.68616030666952
-50.41571490323072
-50.0575978041573
-49.627792641724966
-49.139843785986415
-48.60523257073794
-48.03369656756715
-47.43350226178677
-46.81167921867939
-46.17422203833897
-45.52626499637384
-44.87223317635127
-44.21597305276137
-43.56086483012561
-42.90991834730349
-42.2658539885272
-41.631169783180155
-41.00819570741862
-40.39913610614278
-39.80610111707932
-39.23112798231443
-38.67619315810316
-38.143216162682165
-37.63405611684618
-37.15050191856761
-36.69425694038637
-36.26691904134759
-35.869956544100035
-35.50468064841368
-35.172214545706595
-34.87345928037911
-34.60905619096849
-34.379345577708875
-34.18432110484247
-34.0235793790481
-33.89626417420004
-33.80100492354188
-33.73584940174311
-33.69819100141541
-33.68469170249483
-33.69120276718519
-33.71268638892616
-33.743142985914005
-33.775550534174954
-33.80182421320342
-33.81280655563444
-33.798300033842
-33.747155263080515
-33.64742833038093
-33.486619661335055
-33.252003768166105
-32.931053698199264
-32.51195574483063
-31.984199106363178
-31.339212373546275
-30.571005399257558
-29.676763371230663
-28.65733238826749
-27.51753518148064
-26.266263826473732
-24.916313969707744
-23.483950896560373
-21.98822827855963
-20.450110652510034
-18.891475099313197
-17.334081568619126
-15.798602300348534
-14.303789045511621
-12.865835119108624
-11.497962301563689
-10.210235297452641
-9.009583184350731
-7.8999908195118
-6.882814495113507
-5.9571746549875115
-5.120382585349148
-4.368365619312158
-3.6960645764122546
-3.0977863150900475
-2.567502351943176
-2.0990909456708096
-1.686524708802608
-1.3240088220419466
-1.0060765595198973
-0.7276494175442849
-0.484068993495157
-0.27110715889591575
-0.08496022572614947
0.07776812746442374
0.22009132004711773
0.3446687145145688
0.4538365635784203
0.5496393925716347
0.6338606467369345
0.7080518237796696
0.773559611520227
0.831550773770573
0.8830346891141971
0.9288835601643086
0.96985038621483
1.0065848393179522
1.0396472101490417
1.0695206014833047
1.0966215482380903
1.1213092373247946
1.1438934904697362
1.1646416606765797
1.1837845793326096
1.2015216770737425
1.2180253879870406
1.233444933956207
1.2479095741110768
1.2615313936004213
1.2744076962138706
1.2866230567789216
1.2982510816613058
1.3093559190213
1.3199935546600727
1.3302129242424598
1.3400568682942549
1.3495629526016728
1.3587641733795408
1.3676895637854614
1.3763647159532866
1.3848122306598043
1.3930521049923072
1.4011020668584706
1.4089778639169026
1.416693513390328
1.4242615182951113
1.4316930548176288
1.4389981348767833
1.4461857473503414
1.4532639809090142
1.4602401310190771
1.467120793275285
1.4739119449342297
1.4806190162533994
1.487246953003023
1.4938002713438436
1.5002831060712651
1.5066992531131973
1.513052207026817
1.5193451941439662
1.5255812019302084
1.5317630050304842
1.5378931884282565
1.5439741680773977
1.550008209313205
1.555997443325623
1.5619438819203424
1.5678494307752544
1.5737159013724522
1.5795450217626694
1.5853384462883469
1.5910977643960678
1.5968245086338584
1.6025201619243035
1.6081861641987416
1.6138239184579106
1.6194347963192968
1.6250201431125788
1.630581282566368
1.636119521124897
1.641636151944681
1.6471324585893399
1.6526097184708988
1.6580692060421143
1.66351219578587
1.6689399650101677
1.6743537964657662
1.679754980819439
1.685144818980575
1.6905246243049987
1.6958957246919226
1.7012594645763102
1.7066172068354035
1.7119703346173765
1.7173202530983644
1.7226683911826512
1.7280162031477175
1.7333651702438146
1.738716802257727
1.744072639041292
1.7494342520205919
1.7548032456750207
1.7601812590152122
1.7655699670393687
1.7709710821975477
1.7763863558479898
1.7818175797231106
1.7872665874108407
1.7927352558410803
1.7982255068039876
1.8037393084813402
1.8092786770165503
1.8148456781125333
1.8204424286693666
1.8260710984611705
1.8317339118681275
1.8374331496499963
1.8431711507821547
1.8489503143524644
1.8547731015218005
1.8606420375584776
1.8665597139471402
1.8725287905795085
1.8785519980337995
1.8846321399479393
1.8907720954899787
1.8969748219330995
1.903243357348856
1.9095808234123979
1.9159904283367268
1.922475469942242
1.9290393388661187
1.9356855219200497
1.9424176056099896
1.9492392798218816
1.9561543416864424
1.963166699626413
1.9702803776095834
1.9774995196075906
1.984828394276974
1.9922713998749941
1.9998330694238575
2.0075180761375577
2.0153312391261125
2.0232775293931127
2.0313620761442053
2.039590173426973
2.047967287112442
2.056499062253465
2.065191330829066
2.0740501199014716
2.083081660215953
2.0922923952628025
2.101688990832713
2.111278345095684
2.1210675992358574
2.1310641486758186
2.1412756549273126
2.1517100581047544
2.1623755901509867
2.1732807888128036
2.184434512415123
2.195845955490654
2.207524665315077
2.219480559409135
2.2317239440695857
2.244265534001215
2.2571164731215276
2.270288356611445
2.2837932543080797
2.2976437355248436
2.3118528953932582
2.326434382841853
2.3414024303224323
2.3567718854047826
2.3725582443785243
2.3887776880036427
2.405447119564883
2.4225842054005398
2.4402074180886757
2.4583360824897227
2.4769904248512375
2.4961916252243554
2.5159618734272726
2.536324428840544
2.5573036843309183
2.5789252346220337
2.6012159494769094
2.624204052061714
2.647919202926232
2.6723925900421364
2.6976570254140597
2.7237470487966675
2.750699039122537
2.778551334288295
2.807344360018078
2.8371207685876243
2.8679255882678945
2.899806384429553
2.932813433359911
2.966999909912147
3.0024220902657817
3.0391395711711766
3.077215507207711
3.1167168677501422
3.1577147154973773
3.200284508636173
3.244506428920886
3.290465738198236
3.3382531661931125
3.3879653326764014
3.43970520748087
3.4935826122341496
3.549714768115564
3.608226894438644
3.6692528634284827
3.732935917194311
3.7994294536159146
3.8688978886762015
3.9415176036905564
4.017477986932931
4.09698258033643
4.180250343313503
4.267517047260867
4.359036816084938
4.455083830081037
4.5559542127975305
4.66196812313882
4.773472077974645
4.89084153398295
5.014483761428039
5.144841047150237
5.282394269318331
5.427666892590253
5.581229439343929
5.743704500791296
5.915772361191216
6.09817731930292
6.2917348038769205
6.497339394686321
6.715973877680028
6.948719482686556
7.196767475188892
7.461432300516719
7.744166509997399
8.046577734844504
8.370448015586192
8.717755843523491
9.090701326935573
9.491734959458427
9.923590542199463
10.38932289545528
10.89235109096478
11.436508041436184
12.02609739977845
12.665958843761018
13.361542948093756
14.118996966978443
14.945262952447251
15.848189695374515
16.83665996288113
17.920734365789315
19.111812844275278
20.422814092191572
21.86837207929557
23.465046927179856
25.23154439317949
27.188933614844473
29.360845870422168
31.773626977036713
34.45640134258298
37.44098505644814
40.76155691693543
44.45395801422933
48.554440797948075
53.09762700259711
58.11336264524357
63.622085241805735
69.62826117607335
76.11144542762332
83.01462745641658
90.22986817057671
97.58197232828707
104.81227618571282
111.56666223125129
117.39436243061505
121.76594061743032
124.11811177660887
123.92758809706372
120.80535280159083
114.58978781190865
105.40897202270739
93.68650910153139
80.0828567771685
65.3877095960816
50.39601569315284
35.80209686880227
22.134169032558155
9.73391786187701
-1.2282179626933853
-10.717436195088474
-18.792983492152935
-25.570284488759114
-31.19139797269103
-35.80463656086097
-39.552100660331476
-42.56312671756048
-44.95169164494778
-46.816203105235005
-48.24056340669564
-49.2957917844463
-50.04178520507818
-50.52899620299609
-50.799928840708866
-50.890423703206125
-50.83073886581879
-50.646449677862506
-50.35919498316716
-49.98729658601327
-49.54627555506143
-49.04928504905229
-48.507475579758506
-47.93030534267629
-47.32580553168148
-46.70080837803724
-46.061143938729856
-45.411810318088186
-44.75712096263578
-44.100831859535674
-43.44625084583669
-42.79633076371624
-42.15374784982146
-41.52096650446893
-40.90029143180658
-40.29390805885356
-39.70391211299699
-39.13232924630819
-38.58112562249261
-38.05221040996486
-37.54743113557822
-37.06856283385832
-36.61729186653815
-36.19519518233318
-35.80371563850633
-35.44413382071582
-35.117536587706866
-34.82478234828193
-34.56646286830846
-34.342861225944716
-34.15390540576993
-33.99911697052431
-33.877554297381494
-33.78775004082456
-33.727642814991725
-33.694503605336195
-33.684858153499704
-33.69440753824165
-33.717950418078146
-33.74931190870683
-33.781285809913584
-33.80559879374516
-33.812907071873326
-33.79283774113901
-33.73408812602264
-33.624596555469566
-33.45179660833196
-33.20296339392854
-32.865654442259995
-32.42823903931935
-31.880498558104193
-31.214267315235702
-30.424070261692293
-29.5077026220099
-28.466690093648026
-27.30656899711107
-26.036935638248337
-24.671233405601924
-23.226273060318476
-21.7215125314425
-20.178152124461803
-18.61812393012201
-17.063066036856753
-15.533370823322912
-14.047382849329324
-12.620798891537675
-11.266295239724968
-9.993380488030539
-8.808449820274404
-7.715001665656587
-6.7139702652286815
-5.804127326890693
-4.982510817459342
-4.244846976082499
-3.585940911941634
-3.0000201789044922
-2.4810235374161493
-2.0228332479928213
-1.6194536015916583
-1.265141139878665
-0.9544934437701613
-0.6825038026579477
-0.4445888323789404
-0.23659545092925782
-0.05479275082336699
0.10414662906441663
0.24317193637216405
0.36488366932132976
0.47156470910579174
0.5652116491177139
0.6475652263844722
0.7201391343022578
0.7842467807881803
0.8410257674148625
0.8914600172420251
0.9363995845995987
0.9765782498556064
1.0126290451739806
1.0450978805994282
1.074455449157199
1.1011075893623001
1.1254042768842965
1.1476474064880904
1.168097512598365
1.1869795630599356
1.2044879468027148
1.2207907626998349
1.236033504276861
1.250342223281109
1.2638262445432247
1.276580495092503
1.2886875020353727
1.3002191063043256
1.3112379328345014
1.3217986520891145
1.3319490628776975
1.3417310221836942
1.3511812440140147
1.3603319861101681
1.3692116406656396
1.3778452428192622
1.3862549087303933
1.3944602132983164
1.4024785161569753
1.4103252432840918
1.4180141305405414
1.4255574345048672
1.4329661152117978
1.44024999472947
1.4474178949490124
1.4544777574650425
1.4614367480214696
1.4683013476457063
1.4750774322789084
1.4817703424671436
1.4883849444538555
1.4949256838156089
1.5013966326404216
1.5078015310916726
1.514143824095413
1.5204266937826105
1.5266530882291818
1.532825746967319
1.5389472236745405
1.5450199063923264
1.55104603557902
1.5570277202641591
1.5629669525304735
1.5688656205259122
1.5747255201796406
1.5805483657720742
1.5863357994908256
1.5920894000919361
1.5978106907630263
1.603501146279882
1.6091621995326477
1.614795247494385
1.62040165668202
1.6259827681790284
1.6315399022516885
1.6370743626094963
1.6425874403432772
1.6480804175768071
1.6535545708586596
1.6590111743192892
1.6644515026251838
1.6698768337369074
1.6752884515079813
1.6806876481223298
1.6860757264043968
1.691454002001933
1.696823805460781
1.7021864842052992
1.7075434044267013
1.712895952900908
1.7182455387359141
1.7235935950566272
1.7289415806476427
1.7342909815403118
1.739643312574799
1.7450001189212117
1.7503629775825402
1.755733498876566
1.761113327906969
1.766504146020793
1.771907672271027
1.7773256648740698
1.782759922679702
1.788212286649582
1.7936846413516605
1.7991789164796046
1.8046970883892755
1.8102411816755648
1.815813270773674
1.8214154816052996
1.8270499932663142
1.8327190397604909
1.838424911788934
1.8441699585929427
1.8499565898628134
1.8557872777103057
1.861664558716143
1.867591036051408
1.8735693816853427
1.8796023386795468
1.8856927235754029
1.8918434288855224
1.8980574256892169
1.9043377663393812
1.9106875872950013
1.9171101120775802
1.9236086543600095
1.9301866212066443
1.9368475164549181
1.943594944265783
1.950432612836721
1.9573643382983619
1.9643940488003864
1.9715257887935422
1.9787637235305056
1.9861121437833162
1.99357547080524
2.0011582615359202
2.0088652140771046
2.0167011734457674
2.0246711376262283
2.0327802639314996
2.041033875702851
2.0494374693566897
2.0579967218060347
2.0667174982742154
2.075605860530345
2.0846680755641955
2.093910624731734
2.103340213400884
2.1129637811253588
2.122788512375564
2.132821847871469
2.1430714965453035
2.153545448175578
2.164251986739032
2.1751997045197413
2.1863975170327876
2.19785467880115
2.209580800058575
2.221585864421627
2.233880247612774
2.246474737282824
2.259380554031054
2.2726093736827124
2.28617335091883
2.3000851443566717
2.3143579431666694
2.329005495346337
2.3440421377603116
2.359482828074988
2.3753431787230284
2.391639493038724
2.408388803733601
2.425608913871997
2.4433184405347674
2.4615368613814326
2.480284564310864
2.499582900474593
2.519454240885466
2.5399220369052955
2.561010884920165
2.5827465955165962
2.605156267535449
2.6282683673815654
2.6521128140177552
2.676721070110375
2.702126239831273
2.728363173868047
2.755468582256526
2.7834811556863315
2.8124416960196186
2.8423932568114196
2.8733812947029946
2.905453832663625
2.938661636112556
2.973058403107416
3.008700969856477
3.0456495329752897
3.0839678900451872
3.1237237001761287
3.164988766488932
3.2078393426053253
3.2523564654735537
3.298626317110802
3.3467406181256365
3.3967970561906213
3.4488997530147003
3.5031597737400944
3.559695683162545
3.6186341536657096
3.680110630344302
3.7442700594357348
3.811267686910753
3.881269934908289
3.9544553646393865
4.031015735446886
4.111157170936224
4.195101444457805
4.2830873978061845
4.3753725088006945
4.472234625449403
4.573973886765543
4.680914852981459
4.793408870994824
4.911836704424104
5.036611461724476
5.168181860503012
5.307035871582002
5.453704792599865
5.608767808144819
5.772857101769375
5.946663594884001
6.130943398735553
6.326525078668794
6.53431784495325
6.755320801999289
6.990633408151723
7.241467321956634
7.509159838335506
7.795189150117494
8.101191707571616
8.428981991691558
8.780575066928407
9.158212336684812
9.564390991186258
10.001897713176788
10.473847293054916
10.983726901996533
11.535446879249776
12.133399007010155
12.782523370517822
13.488385027101799
14.257261826874696
15.096244824843268
16.013352775684666
17.017662171623726
18.119454114679456
19.330378922820728
20.663638630388448
22.134186273517855
23.758938786385215
25.556997095621057
27.549862056213783
29.761627488420856
32.21912076255876
34.9519458469851
37.992361876991936
41.37490025171786
45.13558310242786
49.310554205098924
53.93386991253806
59.03412542488098
64.62951974169016
70.72091113887382
77.28242383545762
84.2493083475307
91.50315466791696
98.85538648245941
106.0314199624004
112.66001179387573
118.27476402047736
122.33629865183033
124.28220067010265
123.60539753898827
119.95012311055653
113.20189996604839
103.54153708081033
91.43968413022637
77.58791304589899
62.78564779824976
47.81704226515629
33.35099389531248
19.883630624632218
7.725035219279377
-2.980791603038817
-12.218356027432726
-20.059182505481772
-26.625184126110728
-32.06072835942937
-36.513755357840424
-40.12448836689506
-43.01970109561007
-45.31063627598847
-47.09308476890958
-48.44858826395265
-49.44610916328816
-50.14378869540032
-50.59059782266349
-50.82779735114233
-50.89018638860374
-50.80714999447032
-50.60353030286308
-50.300348888720876
-49.91540673851169
-49.463784758409446
-48.958263825896324
-48.40967969096951
-47.82722484545474
-47.21870686232336
-46.59077061707322
-45.949090158873105
-45.298534714838325
-44.64331231155583
-43.987093723783204
-43.333118865580786
-42.684287290442455
-42.04323413943371
-41.412392650369014
-40.79404419998582
-40.190356778610834
-39.60341277621637
-39.03522697213759
-38.48775564949392
-37.96289778132376
-37.46248924204025
-36.988290971702895
-36.54197195294557
-36.12508774773346
-35.739055185751454
-35.385123605886406
-35.06434283951876
-34.77752790545679
-34.5252201803666
-34.30764463638667
-34.12466262150872
-33.97571962187186
-33.85978751337575
-33.77530101003856
-33.720088377376385
-33.69129703151572
-33.68531541944037
-33.697693599491174
-33.723066230565166
-33.755083229830234
-33.78635513462143
-33.808422115618555
-33.81175747504187
-33.785818074463805
-33.719155117305206
-33.59959860483542
-33.41452706153518
-33.15123024873685
-32.79736612366037
-32.341504091014315
-31.773734930824276
-31.086314599478158
-30.274296054229524
-29.33609267374834
-28.27391143357943
-27.093996254570243
-25.80663347239522
-24.425892151875814
-22.96909990508823
-21.456085905768987
-19.908251601201528
-18.3475508442001
-16.795470778333765
-15.272101197539882
-13.795364455954768
-12.380453893510435
-11.03950106048103
-9.781465693948803
-8.612221271263252
-7.534795192253796
-6.54971660743513
-5.6554255956245925
-4.848702963439564
-4.125088318789949
-3.4792633986364763
-2.9053865051702132
-2.397371451802428
-1.949110244751182
-1.5546427907025873
-1.2082794164967936
-0.9046832164585794
-0.6389195380222645
-0.40647958276281315
-0.20328439137074383
-0.025674590698940847
0.12960965563252103
0.2654549469690437
0.38440445381240806
0.48868918268169637
0.5802592167987086
0.660813909800595
0.7318303669285342
0.7945898193361245
0.8502016973608306
0.8996253517824471
0.9436894707209831
0.9831093043658257
1.0185018488215292
1.0503991608987917
1.0792599830779182
1.1054798562690848
1.1293998904983482
1.1513143525496616
1.1714772165578324
1.1901078097139361
1.2073956714209544
1.223504730935474
1.238576896062682
1.2527351339906545
1.2660861149930724
1.2787224804094421
1.2907247880633577
1.302163181026117
1.3130988192540372
1.3235851080958128
1.3336687528413904
1.343390664353592
1.3527867371902857
1.3618885185871932
1.3707237839787467
1.3793170324856874
1.387689913841541
1.3958615965623267
1.403849085741058
1.411667497636131
1.419330297169381
1.4268495035793194
1.434235868703695
1.44149903172206
1.448647653644457
1.4556895343486076
1.4626317145734902
1.4694805649338605
1.4762418637218389
1.4829208650178316
1.48952235840909
1.4960507214391328
1.5025099657555074
1.5089037777761405
1.5152355546001672
1.5215084357686237
1.5277253314138761
1.5338889472519668
1.5400018068220334
1.5460662713053352
1.5520845572331154
1.5580587523351141
1.563990829750992
1.5698826608070249
1.575736026524055
1.5815526279999403
1.5873340958057724
1.5930819984976097
1.5987978503557088
1.6044831184211716
1.610139228926073
1.615767573164817
1.621369512880051
1.626946385208612
1.63249950723241
1.6380301801842734
1.6435396933303537
1.649029327575704
1.65450035881463
1.6599540610502572
1.6653917093123027
1.6708145823884024
1.6762239653905908
1.681621152172852
1.687007447615656
1.6923841697911257
1.6977526520184938
1.7031142448303171
1.7084703178454674
1.7138222615761833
1.719171489160658
1.7245194380461726
1.7298675716136813
1.7352173807677218
1.7405703854848298
1.7459281363352375
1.7512922159795608
1.7566642406501387
1.76204586161532
1.767438766644318
1.7728446814612653
1.7782653712106367
1.78370264192381
1.7891583420015422
1.7946343637146356
1.8001326447205201
1.8056551696145107
1.8112039715009587
1.8167811336104478
1.8223887909476844
1.828029131988842
1.833704400423244
1.8394168969541624
1.8451689811502092
1.8509630733660742
1.8568016567269297
1.862687279189572
1.8686225556757563
1.8746101702987517
1.8806528786694798
1.8867535103026967
1.892914971126629
1.8991402460966356
1.9054324019236901
1.911794589927922
1.9182300490155058
1.9247421087970906
1.9313341928477712
1.938009822119966
1.9447726185188685
1.951626308650134
1.9585747277454857
1.9656218237804524
1.9727716618001523
1.980028428448577
1.9873964367332064
1.994880131024388
2.0024840923093734
2.0102130437123833
2.018071856300594
2.0260655551851414
2.0341993259438595
2.0424785213776886
2.050908668618945
2.059495476623283
2.0682448440499
2.077162867576021
2.0862558506479445
2.095530312712981
2.1049929989527527
2.1146508905519568
2.1245112155327206
2.134581460191498
2.144869381174317
2.1553830182347156
2.1661307077124548
2.177121096780752
2.1883631585109242
2.1998662078095776
2.211639918281776
2.2236943400832843
2.236039918823849
2.248687515599954
2.2616484282173133
2.274934413703704
2.2885577121792267
2.302531072197098
2.3168677776374125
2.331581676282326
2.3466872101710123
2.362199447879334
2.37813411884531
2.39450764990238
2.4113372041733783
2.42864072249688
2.446436967580894
2.4647455710822896
2.4835870838353458
2.502983029461916
2.522955961637763
2.543529525281656
2.56472852198101
2.586578979993419
2.60910822917765
2.6323449812565514
2.656319415843882
2.6810632727034545
2.706609950758434
2.7329946144129735
2.760254307801233
2.7884280776362402
2.8175571054003967
2.8476848496848106
2.8788571995642087
2.911122639988548
2.9445324302582776
2.979140796769002
3.0150051413198753
3.0521862664272703
3.090748619213741
3.130760555632719
3.172294626948542
3.2154278906148193
3.260242247916949
3.3068248110066634
3.3552683022372776
3.4056714890442663
3.4581396579682178
3.512785131835585
3.5697278345693917
3.629095908619604
3.691026390594061
3.7556659513276713
3.8231717073816185
3.893712111808725
3.9674679329843343
4.044633331394891
4.125417045517281
4.210043699334847
4.298755245648067
4.391812561176209
4.48949721154321
4.592113406650924
4.6999901696938196
4.813483746223142
4.932980283310542
5.058898813019255
5.1916945792117986
5.331862752255745
5.479942582591946
5.636522051524366
5.802243086148167
5.977807415238203
6.1639831544209756
6.3616122222765625
6.571618704513753
6.795018301343418
7.032929014102081
7.286583251493823
7.55734156409261
7.846708248609389
8.156349101582236
8.48811164638164
8.844048208627555
9.226442274171234
9.637838631686577
10.081077879481768
10.559335964164802
11.07616951760349
11.635567868028716
12.242012719819684
12.900546621512774
13.61685146720589
14.397338392983556
15.249250521144688
16.180780045337713
17.201201099595664
18.321019653540986
19.5521412344479
20.908056460837088
22.404042986625257
24.05738021748931
25.887569670345272
27.91654853926957
30.16887613226885
32.67186131463092
35.45558259100375
38.55272932061837
41.99816089140285
45.82803858847711
50.07833104016754
54.78242877410281
59.967530327979546
65.64939206545375
71.82498921832206
78.4626611630074
85.48948958140812
92.77611559414296
100.1201266222931
107.2307211736107
113.7195991164792
119.10542543085924
122.84041351868211
124.36541296677007
123.19248792636145
119.00184021374514
111.72771429489124
101.60337131172442
89.14426373008958
75.06949889247153
60.18439956358892
45.25927686345534
30.935917190589315
17.678057898409918
5.764891120788889
-4.6847920477306815
-13.673487197223047
-21.28385155674458
-27.643425335248324
-32.89831044113496
-37.19573718727064
-40.673885518949575
-43.456911490643115
-45.65333368135095
-47.35636927484447
-48.64525560101047
-49.58695622283091
-50.237910572511986
-50.6456555355992
-50.850249200316036
-50.885483208502436
-50.77989790413703
-50.557625701200806
-50.239090444824654
-49.841588622046444
-49.379774682643855
-48.8660688068984
-48.31100183408324
-47.723508976513784
-47.11118142344503
-46.48048293264338
-45.836936931385
-45.185288418641534
-44.529644003822426
-43.873592677215356
-43.22030934000523
-42.57264269563066
-41.93318879555321
-41.30435132241573
-40.68838956552611
-40.08745498136875
-39.5036172184345
-38.938880503030475
-38.39519131230503
-37.87443828443827
-37.37844531773703
-36.90895877754798
-36.467629654551104
-36.05599139760187
-35.67543398216742
-35.32717458016691
-35.012224981959434
-34.7313557031535
-34.48505650724513
-34.273492911010806
-34.09645813553851
-33.95331994564316
-33.8429619094822
-33.76371883593123
-33.71330653906483
-33.68874666787946
-33.68628815546714
-33.70132791079811
-33.728334711990726
-33.76078185407437
-33.79109591168657
-33.8106308980835
-33.80967896148121
-33.77753028982539
-33.70259572263308
-33.57260522158043
-33.374893292754564
-33.096778154550464
-32.72603450886663
-32.25145010152488
-31.66344424395902
-30.954713166041756
-30.120854268430435
-29.160911463328034
-28.077779543638144
-26.87840930789605
-25.57376835582545
-24.178534694038376
-22.710529101973407
-21.189923256307566
-19.6382884704866
-18.077569347980216
-16.5290740059919
-15.01256666899394
-13.545531011602066
-12.142647533671607
-10.815500467758739
-9.572504056805542
-8.419018083045557
-7.357610114224826
-6.3884171663761435
-5.509561159300915
-4.717578743822628
-4.007834746341814
-3.374897811376627
-2.8128655148566395
-2.3156334864268047
-1.8771085933508402
-1.4913700133809016
-1.1527842768737173
-0.8560814026679964
-0.5963994177977838
-0.3693041361111682
-0.1707903186712656
0.002730567823050478
0.15445171294288684
0.28719804537502114
0.40345642284307814
0.5054069846477205
0.594954273105941
0.6737571697789235
0.7432570336294475
0.8047036861159995
0.8591790775489017
0.9076186037054867
0.9508301336995828
0.9895108696758825
1.0242621943370978
1.0556026802186125
1.0839794402119196
1.1097779960027765
1.1333308328482872
1.1549247975557364
1.1748074832996735
1.1931927310217816
1.2102653634082117
1.2261852542445695
1.241090823657487
1.2551020384620415
1.2683229866405554
1.2808440858736958
1.2927439779497263
1.3040911537979127
1.3149453476569306
1.325358733490134
1.33537695206428
1.3450399930525236
1.3543829530254925
1.3634366871895054
1.3722283701457627
1.3807819787348308
1.3891187081242151
1.3972573306944014
1.4052145058678889
1.4130050478587464
1.4206421573101125
1.428137621900305
1.4355019902939148
1.4427447231543056
1.4498743244229217
1.4568984555864972
1.4638240352866205
1.4706573262725442
1.477404011420731
1.484069260305887
1.4906577875842686
1.497173904289184
1.5036215629697836
1.5100043974877053
1.5163257581673406
1.5225887428954366
1.528796224692428
1.5349508762017194
1.5410551914845882
1.5471115054572238
1.5531220112552546
1.5590887757855398
1.5650137536755437
1.5708987998209523
1.5767456806833025
1.5825560844979236
1.5883316305070139
1.5940738773321073
1.5997843305831339
1.6054644497899062
1.6111156547242445
1.61673933118891
1.6223368363199597
1.6279095034639113
1.6334586466649625
1.6389855648100138
1.6444915454667353
1.6499778684368493
1.6554458090678281
1.660896641334375
1.6663316407260709
1.6717520869428881
1.6771592664412083
1.682554474822382
1.6879390190979393
1.693314219834292
1.6986814131911387
1.7040419528734674
1.7093972119886303
1.7147485848437327
1.720097488665715
1.7254453652765278
1.7307936827086223
1.736143936790313
1.7414976526856663
1.7468563864139242
1.752221726342782
1.7575952946646112
1.7629787488641568
1.7683737831754343
1.7737821300448786
1.7792055615882418
1.7846458910673846
1.7901049743710473
1.7955847115172219
1.8010870481793972
1.806613977237248
1.8121675403585868
1.8177498296176964
1.8233629891551573
1.82900921687974
1.83469076622373
1.8404099479465685
1.8461691320027285
1.8519707494704107
1.857817294551296
1.8637113266407823
1.8696554724806447
1.8756524283935505
1.8817049626125026
1.8878159177012321
1.8939882130797514
1.9002248476601835
1.9065289025962784
1.9129035441557107
1.9193520267231179
1.9258776959412671
1.9324839919966053
1.9391744530605592
1.9459527188951142
1.9528225346255113
1.9597877547062126
1.9668523470676291
1.9740203974771475
1.9812961141127516
1.9886838323611755
1.9961880198650306
2.0038132818183385
2.0115643665388916
2.0194461713197143
2.0274637485880476
2.0356223123826567
2.0439272451704937
2.0523841050192004
2.0609986331555774
2.0697767619179785
2.0787246231463996
2.0878485570119665
2.097155121336982
2.106651101415764
2.1163435203811787
2.126239650138473
2.136347022911309
2.146673443433542
2.157227001826527
2.1680160872080023
2.1790494020780216
2.190335977529685
2.2018851893443525
2.2137067750196593
2.2258108518002473
2.2382079357703333
2.250908962087692
2.263925306424426
2.277268807705468
2.290951792229521
2.304987099270761
2.319388108254543
2.33416876763215
2.349343625562028
2.3649278625293846
2.3809373260473876
2.3973885675843576
2.4142988818834965
2.431686348850235
2.4495698781947794
2.467969257042455
2.4869052007261416
2.5063994070177387
2.5264746140442185
2.547154662192952
2.56846456030587
2.5904305565029517
2.6130802140102105
2.636442492388369
2.6605478346027667
2.685428260414824
2.7111174666151783
2.73765093467091
2.7650660464155408
2.7934022084593835
2.8227009860790986
2.853006247397616
2.884364318773578
2.9168241523728966
2.9504375070308697
2.9852591435940212
3.021347036064981
3.0587626000158252
3.0975709398700246
3.1378411168333287
3.1796464394426494
3.2230647788998112
3.2681789116099935
3.3150768915896833
3.363852455716767
3.4146054651176883
3.4674423863671677
3.5224768165798537
3.579830056958997
3.6396317398890687
3.7020205152558106
3.767144802362168
3.8351636145659995
3.9062474646340206
3.9805793597946604
4.058355896580679
4.139788466829373
4.2251045876506055
4.314549369818224
4.408387140929904
4.506903241817781
4.6104060171677475
4.719229024111087
4.833733485797609
4.954311020673856
5.081386682466302
5.215422350794086
5.356920518023003
5.506428524527394
5.66454330211144
5.831916694118888
6.009261430927495
6.197357851317236
6.3970614738761356
6.609311538512088
6.835140656598355
7.075685729757026
7.332200322239828
7.6060687008993
7.898821790455202
8.212155330913902
8.547950569382579
8.908297871002446
9.29552369425977
9.712221445425087
10.16128680622046
10.645958218667317
11.169863311771735
11.737072165836082
12.352158430245197
13.020269436192393
13.747206570693322
14.539517291679829
15.404600248483007
16.35082499997509
17.387667751480933
18.525864296607608
19.777580854745338
21.156602596404355
22.678538138478928
24.361035869859506
26.224004208024496
28.28982219316714
30.583518381463648
33.13288371431099
35.968466515134594
39.12337329047091
42.63276566790523
46.53289974471733
50.85949819109828
55.645178354353106
60.915585994409014
66.6838163324249
72.94266763318205
79.65431704698972
86.73722180874563
94.0505727756809
101.37765349227521
108.41115859881754
114.74584895376154
119.88623794465155
123.27778714037464
124.36711972526773
122.68840344884495
117.96045253455475
110.16762333528874
99.59510919944893
86.80073636643496
72.52752437946835
57.582974511352155
42.72071245567471
28.553939138372755
15.513848031428985
3.8495136091309945
-6.344269719816609
-15.086728815976649
-22.47058466850067
-28.62821356840982
-33.70693224999538
-37.85296082221327
-41.20229157443566
-43.876418471850286
-45.98114898371233
-47.60716834561054
-48.83146212684622
-49.719048490587916
-50.324714361104945
-50.694605701843294
-50.86761457077156
-50.87655583639702
-50.74915061566479
-50.50884273656983
-50.17547587983451
-49.765856703305076
-49.29422552907489
-48.77265227112218
-48.2113717414596
-47.619069483333334
-47.00312685372424
-46.36983215172805
-45.72456307902954
-45.07194464085515
-44.41598568049713
-43.760196532982434
-43.10768974261066
-42.461265384848446
-41.823482242697025
-41.19671589291059
-40.583204641982604
-39.98508419927333
-39.40441196789038
-38.84318185475195
-38.303330531074664
-37.786736095523
-37.29521008883751
-36.83048376900189
-36.394189472862024
-35.987837762108654
-35.61279088291826
-35.27023286881047
-34.96113639940148
-34.686226311071096
-34.44593945883099
-34.24038047335159
-34.06927286587006
-33.9319049305638
-33.82707000473573
-33.75300089944858
-33.7072987369379
-33.68685705715791
-33.68778291406926
-33.705317796881786
-33.73376259336112
-33.76641244785901
-33.7955092028281
-33.81222103779123
-33.806660744390626
-33.76795551423015
-33.684381776669454
-33.543578019753966
-33.332846116846326
-33.039546948346015
-32.651588693670135
-32.15799604662408
-31.549536274494585
-30.819364677421675
-29.963639521809
-28.98204742279688
-27.878177140515277
-26.659685112879288
-25.338210882295016
-23.92902417325729
-22.450414931029172
-20.922868528369918
-19.368095095323383
-17.807999477386147
-16.263683398899502
-14.754563357104757
-13.297668697681502
-11.907158392653514
-10.594067305275985
-9.36626784085945
-8.228614151466331
-7.1832250078045945
-6.229857914637478
-5.366329654547144
-4.588945218715708
-3.892905982277739
-3.2726772844836205
-2.722304060914098
-2.235670149377711
-1.8067020960472746
-1.429521780170262
-1.09855419557789
-0.8085975961671465
-0.5548632575198553
-0.3329916177648329
-0.13905077041272307
0.03047763720076091
0.17872097634665352
0.30844342457612584
0.4220764792398768
0.5217503561186732
0.6093249632237985
0.6864195613695756
0.7544405488539496
0.8146070525373261
0.8679741865074675
0.9154539660113414
0.9578339500188804
0.9957937406608153
1.0299194997270433
1.0607166578733995
1.0886209960585802
1.1140082747579072
1.1372025775733619
1.1584835238875257
1.178092491823577
1.1962379788417365
1.2131002136356983
1.2288351199367753
1.243577720687199
1.2574450599828424
1.27053871013743
1.2829469223214574
1.294746471317012
1.3060042379777315
1.3167785669281784
1.3271204317453567
1.3370744352971542
1.346679668951083
1.3559704509651738
1.3649769614505658
1.3737257887584065
1.3822404000160304
1.3905415466695104
1.398647614323636
1.4065749248220527
1.4143379973387482
1.4219497743016518
1.4294218170886097
1.4367644757589915
1.443987036432759
1.4510978494382698
1.458104440888519
1.4650136099595557
1.4718315138361504
1.478563741995913
1.485215381277385
1.4917910729616324
1.4982950629371317
1.5047312458631268
1.5111032041113504
1.5174142421750503
1.52366741712342
1.5298655656079063
1.5360113278615017
1.5421071690593635
1.548155398377844
1.5541581860316
1.5601175785286614
1.5660355123668523
1.5719138263523291
1.5777542726999627
1.58355852706336
1.5893281976116214
1.5950648332614037
1.6007699311671786
1.606444943535621
1.6120912838579216
1.6177103326049291
1.6233034424573134
1.6288719431059917
1.6344171456842105
1.6399403468528817
1.6454428325857862
1.6509258816836336
1.6563907690408541
1.6618387686941105
1.667271156671859
1.6726892136676952
1.6780942275522648
1.6834874957442025
1.6888703274520367
1.6942440457978591
1.6996099898426564
1.704969516518986
1.7103240024783872
1.715674845875128
1.7210234680754866
1.7263713153249682
1.731719860356975
1.7370706039685047
1.7424250765594707
1.747784839641895
1.7531514873360265
1.758526647839176
1.76391198489398
1.7693091992481413
1.77472003010962
1.7801462566137616
1.7855896992955422
1.7910522215765923
1.7965357312698416
1.8020421821108812
1.8075735753120625
1.8131319611518393
1.8187194405993523
1.8243381669810788
1.8299903476935242
1.8356782459625265
1.8414041826622451
1.8471705381898573
1.8529797544084659
1.8588343366570825
1.8647368558350763
1.870689950568476
1.8766963294632433
1.8827587734443796
1.8888801381996245
1.8950633567214936
1.9013114419601607
1.9076274895985534
1.9140146809417047
1.9204762859459379
1.9270156663850457
1.933636279159714
1.9403416797683803
1.947135525940098
1.954021581441907
1.9610037200726538
1.968085929848371
1.9752723173968434
1.9825671125710187
1.989974673288657
1.9974994906226584
2.0051461941415027
2.0129195575287895
2.020824504489269
2.0288661149595555
2.037049631643413
2.045380466886968
2.053864209919425
2.0625066344751986
2.0713137068247534
2.080291594231767
2.089446673872999
2.098785542236783
2.1083150250422023
2.1180421876943
2.127974346327619
2.138119079457965
2.148484240290145
2.159077969720329
2.169908710073969
2.1809852196309976
2.192316587989467
2.2039122523125343
2.2157820145292817
2.227936059542799
2.2403849745171556
2.2531397693120425
2.2662118981429558
2.2796132825544646
2.2933563357889852
2.3074539886522416
2.3219197169777317
2.3367675708033175
2.35201220537931
2.367668914137653
2.3837536637705625
2.400283131554488
2.4172747451058285
2.4347467247304166
2.4527181285628785
2.471208900711872
2.490239922634032
2.5098330679770697
2.5300112611711256
2.5507985400508915
2.572220122826252
2.5943024797464886
2.617073409831505
2.6405621230821907
2.6647993286064775
2.6898173291573357
2.7156501226096452
2.7423335109506297
2.7699052174307326
2.79840501255876
2.8278748497120887
2.858359011191851
2.889904265646237
2.922560037863491
2.9563785920504415
2.991415229813583
3.0277285041853474
3.065380451184865
3.1044368405423484
3.1449674473998357
3.187046346989746
3.230752234500187
3.2761687725854927
3.323384969238532
3.3724955890517094
3.4236016012266646
3.476810668064161
3.5322376781081744
3.5900053285854483
3.6502447623257694
3.713096264966964
3.7787100289261843
3.8472469914162843
3.9188797546583487
3.99379359745609
4.07218758843328
4.154275812537946
4.240288723892434
4.33047463975754
4.425101392299098
4.524458157054028
4.628857479500255
4.7386375240375855
4.8541645729847005
4.975835807020985
5.104082402869778
5.239372989084359
5.382217506607105
5.533171527509353
5.692841093091658
5.86188814152905
6.041036605674606
6.2310792737343945
6.432885519565161
6.647410025664158
6.875702640866166
7.118919536811745
7.378335852863813
7.655360048946136
7.951550220381023
8.268632668966802
8.608523071095817
8.97335063750944
9.365485721321818
9.787571402065396
10.242559654655281
10.733752803880918
11.264851067605548
11.840007104670178
12.463888604844442
13.141750084187152
13.879515173018717
14.683870793624578
15.562374701848967
16.523577881114875
17.577163183246398
18.734101338429525
20.006824903203437
21.409419728020964
22.95783188252898
24.67008535804723
26.566501820184385
28.669907579597123
31.005803925409055
33.602463882968436
36.49089985934211
39.70462076972865
43.27906216176501
47.250526790129754
51.654415102595976
56.52245638541757
61.878577522878686
67.73298147313
74.07398071607986
80.85719704450639
87.99199441003736
95.32560775777029
102.62656416472439
109.5708157736891
115.73639382237047
120.61458079822032
123.6458973724163
124.2853677334849
122.09224203267908
116.82644709266562
108.52355478247965
97.51983266241369
84.41279028521987
69.96564730311832
54.98445990269367
40.20354213083557
26.206274581756936
13.391340159742207
1.9785707919859519
-7.959997944978667
-16.45909192056429
-23.620475608486444
-29.580621764138257
-34.48758566857261
-38.48630857549432
-41.71047148854081
-44.27887394654765
-46.29463144363444
-47.845941294943145
-49.007590033674724
-49.8427028865067
-50.404462133274066
-50.73766446106596
-50.88007117445187
-50.863549823942904
-50.715026741015166
-50.45727743383672
-50.109582271826625
-49.68827217155486
-49.207185179703856
-48.678050983508
-48.11081692779766
-47.513926227937304
