-0.15731066587652354
-0.31342051569107193
-0.4682630890933138
-0.6217679830919411
-0.7739589797959645
-0.9250596834980155
-1.07558533087945
-1.2264125876867225
-1.378825888700555
-1.5345419920709884
-1.695715554730182
-1.8649286568075656
-2.0451668607267117
-2.239783890726121
-2.4524565235587388
-2.6871308717218505
-2.9479609513004608
-3.2392402664355653
-3.5653271065228442
-3.930564327368135
-4.339194555347973
-4.795271991955493
-5.302572279538687
-5.864502189462251
-6.484011181366327
-7.163507126035009
-7.904778655097234
-8.708926672071719
-9.576307510447672
-10.506490042783275
-11.498228727245223
-12.549454132648368
-13.657281929099472
-14.818040698165003
-16.02731824134974
-17.280025390510055
-18.57047569119967
-19.892478778827748
-21.239444829319282
-22.60449716142733
-23.98058990508243
-25.36062762435105
-26.737583878225475
-28.10461589228585
-29.455172769279798
-30.783094957107746
-32.08270299408847
-33.34887384871685
-34.5771034614179
-35.76355438790551
-36.905087755152486
-37.99927909175545
-39.04441799974641
-40.0394920976398
-40.98415617098028
-41.87868798605842
-42.72393271113019
-43.52123829878462
-44.27238446890272
-44.97950806282375
-45.64502750341348
-46.27156890047541
-46.86189601196642
-47.41884584691063
-47.94527121968407
-48.44399108062974
-48.9177489918925
-49.369179717767324
-49.8007835730196
-50.214907927790286
-50.61373510266933
-50.99927579498148
-51.37336714614346
-51.73767457726131
-52.09369657300038
-52.442771670292856
-52.78608699848838
-53.12468781294832
-53.459487558692786
-53.79127809022247
-54.12073975530739
-54.448451122861584
-54.77489819745564
-55.100483015682045
-55.425531563055195
-55.750300985241836
-56.074986095152624
-56.39972519878964
-56.724605278711955
-57.0496665854492
-57.37490669495963
-57.7002840949815
-58.02572136544257
-58.351108018444215
-58.67630306210267
-59.0011373500069
-59.32541577446794
-59.64891935726357
-59.97140728635882
-60.29261894121488
-60.61227594288072
-60.930084258183264
-61.24573638009078
-61.55891359883006
-61.86928837071981
-62.17652678408994
-62.48029111425771
-62.78024245251319
-63.076043387623905
-63.36736071269956
-63.65386812555152
-63.93524888710695
-64.21119840013144
-64.48142666957105
-64.74566060628855
-65.00364613782475
-65.25515009299133
-65.49996183146374
-65.73789459490686
-65.96878656230543
-66.19250159882377
-66.4089296944121
-66.61798709522944
-66.81961613750373
-67.01378479946091
-67.20048599222838
-67.37973661500351
-67.5515764031743
-67.71606660043906
-67.87328848729771
-68.02334179862468
-68.16634306246848
-68.30242389086646
-68.43172925144954
-68.55441574608243
-68.67064991988482
-68.78060662084796
-68.88446742702683
-68.98241915506446
-69.07465246068632
-69.1613605388661
-69.24273792866599
-69.31897942533425
-69.39027910012321
-69.45682942647943
-69.5188205097527
-69.5764394163578
-69.62986959738359
-69.67929040095382
-69.72487666717478
-69.76679839922924
-69.80522050406421
-69.84030259614521
-69.8721988578859
-69.90105795058474
-69.92702296998979
-69.95023144094966
-69.97081534597675
-69.98890118293572
-70.00461004746388
-70.01805773612193
-70.02935486665686
-70.03860701212781
-70.04591484599663
-70.0513742956149
-70.05507670184741
-70.0571089828561
-70.05755380032997
-70.05648972668362
-70.053991411963
-70.05012974939017
-70.04497203865252
-70.0385821461959
-70.03102066191809
-70.02234505177869
-70.01260980594758
-70.00186658220524
-69.99016434438813
-69.97754949574053
-69.96406600709308
-69.94975553983791
-69.93465756371205
-69.91880946943633
-69.90224667628539
-69.88500273468861
-69.86710942398042
-69.84859684543363
-69.8294935107209
-69.80982642595785
-69.78962117148751
-69.76890197756913
-69.74769179613673
-69.72601236879275
-69.70388429120135
-69.68132707404396
-69.65835920069662
-69.63499818178502
-69.61126060676929
-69.5871621927057
-69.56271783032768
-69.53794162758331
-69.51284695076137
-69.4874464633326
-69.46175216262719
-69.43577541446467
-69.4095269858465
-69.38301707581692
-69.35625534459224
-69.3292509410538
-69.30201252869523
-69.27454831010967
-69.24686605009833
-69.21897309747744
-69.19087640565635
-69.16258255205572
-69.13409775643096
-69.10542789816226
-69.0765785325694
-69.04755490630598
-69.01836197188476
-68.98900440138289
-68.9594865993727
-68.9298127151215
-68.89998665410101
-68.8700120888447
-68.83989246918927
-68.80963103193405
-68.77923080995046
-68.74869464077146
-68.71802517468929
-68.68722488238807
-68.65629606213625
-68.62524084656245
-68.59406120903664
-68.56275896967749
-68.53133580100528
-68.49979323325874
-68.46813265939286
-68.43635533977394
-68.40446240658677
-68.37245486796832
-68.34033361188105
-68.3080994097384
-68.27575291979406
-68.24329469030582
-68.21072516248441
-68.17804467323668
-68.14525345771209
-68.11235165166069
-68.07933929361056
-68.04621632687157
-68.01298260137244
-67.97963787533705
-67.94618181680586
-67.91261400500768
-67.87893393158667
-67.84514100168896
-67.81123453491304
-67.77721376612764
-67.74307784616033
-67.70882584235993
-67.6744567390354
-67.63996943777362
-67.60536275763785
-67.57063543524907
-67.53578612475111
-67.50081339766116
-67.46571574260635
-67.43049156494698
-67.39513918628683
-67.35965684387051
-67.32404268986772
-67.28829479054383
-67.25241112531612
-67.21638958569466
-67.18022797410646
-67.14392400260132
-67.1074752914377
-67.07087936754613
-67.03413366286819
-66.99723551256794
-66.96018215311298
-66.9229707202217
-66.88559824667321
-66.84806165997574
-66.81035777988932
-66.77248331579793
-66.73443486392614
-66.69620890439464
-66.65780179810879
-66.619209783474
-66.58042897293089
-66.54145534930319
-66.50228476195062
-66.4629129227182
-66.42333540167353
-66.38354762262213
-66.34354485839124
-66.3033222258709
-66.26287468080115
-66.22219701229304
-66.18128383707048
-66.14012959341898
-66.0987285348267
-66.057074723302
-66.01516202235062
-65.97298408959497
-65.93053436901617
-65.8878060827988
-65.84479222275668
-65.80148554131655
-65.7578785420353
-65.71396346962428
-65.66973229945282
-65.6251767265011
-65.58028815373027
-65.53505767983599
-65.4894760863486
-65.44353382404118
-65.39722099860359
-65.35052735553789
-65.30344226422739
-65.2559547011278
-65.20805323202596
-65.1597259933067
-65.11096067216509
-65.06174448569587
-65.01206415878717
-64.96190590074025
-64.91125538053079
-64.86009770062107
-64.80841736922532
-64.75619827092305
-64.70342363550668
-64.6500760049413
-64.59613719830415
-64.54158827456136
-64.48640949302732
-64.43058027134003
-64.37407914077163
-64.31688369867851
-64.25897055787884
-64.20031529272744
-64.14089238163811
-64.0806751457823
-64.01963568366871
-63.95774480128323
-63.89497193743913
-63.83128508395684
-63.7666507002576
-63.701033621917176
-63.63439696268397
-63.56670200941932
-63.49790810936656
-63.42797254909863
-63.3568504244313
-63.284494500519465
-63.210855061276604
-63.13587974717197
-63.059513380364514
-62.98169777602653
-62.90237153859177
-62.82146984153087
-62.73892418910961
-62.65466215842101
-62.56860711979788
-62.48067793350603
-62.390788620386736
-62.29884800385683
-62.204759320382244
-62.10841979521147
-62.00972017978399
-61.90854424680973
-61.80476823854167
-61.69826026322806
-61.58887963412321
-61.47647614474706
-61.36088927330114
-61.2419473082587
-61.11946638613338
-60.99324943127531
-60.86308498622452
-60.72874591964409
-60.58998799713017
-60.44654829821987
-60.29814346065138
-60.14446773032882
-59.985190792453935
-59.81995535584835
-59.648374458531876
-59.470028458064604
-59.28446166490943
-59.09117857102102
-58.88963961889573
-58.6792564482881
-58.45938654856056
-58.22932723401604
-57.98830884738757
-57.73548708273567
-57.469934303145614
-57.190629710650384
-56.896448205600194
-56.58614775020208
-56.25835502624768
-55.91154915044149
-55.54404318289883
-55.153963136512964
-54.73922416903167
-54.29750361910647
-53.82621053736552
-53.32245137143599
-52.782991501315166
-52.2042124054625
-51.58206439291402
-50.91201509749313
-50.1889943458172
-49.40733664892753
-48.560723519425274
-47.6421292022682
-46.643775380620546
-45.55710316285205
-44.372774379340534
-43.080719119352814
-41.67025265801018
-40.130292431134876
-38.4497141236756
-36.61789417904763
-34.625491847471714
-32.465523041659075
-30.134763666473184
-27.635481363289333
-24.977419689717287
-22.179839849426862
-19.27327066751663
-16.300467266436435
-13.316010062760956
-10.384083038951237
-7.574311066536573
-4.956062243123047
-2.592153726642874
-0.5331950234347982
1.1863062014611252
2.549438567756784
3.555999007115798
4.219791059575104
4.564949343493245
4.622103467215498
4.424972664401477
4.007700926527738
3.4030023745674076
2.641031761194291
1.7488237402354851
0.7501332931757488
-0.334468431920253
-1.4873544087916857
-2.6935356480997035
-3.9403381146209124
-5.217091289815799
-6.514842993136261
-7.826106270693804
-9.144639053312929
-10.465254609592778
-11.783659637763172
-13.096316515684949
-14.400326354274917
-15.693329830749153
-16.973423175674473
-18.239087079456638
-19.489126636221776
-20.722620744452755
-21.93887963382617
-23.137409391206898
-24.317882522301467
-25.48011371587497
-26.62404008103474
-27.749705210492756
-28.857246488828043
-29.946885118801905
-31.018918384349906
-32.07371370901686
-33.111704105751706
-34.13338464994253
-35.13930964348541
-36.130090174002476
-37.106391809862025
-38.06893220765081
-39.01847844301729
-39.95584390690817
-40.88188463566988
-41.797494963943606
-42.70360240274067
-43.60116165100799
-44.49114764742121
-45.37454756074557
-46.25235160321882
-47.12554253405343
-47.9950837020526
-48.86190546095386
-49.72688978272722
-50.590852897806215
-51.45452581318916
-52.31853260649882
-53.183366474184425
-54.049363633234336
-54.91667534584591
-55.785238561725784
-56.65474595596489
-57.5246164788178
-58.39396791540641
-59.26159335432529
-60.125943845043686
-60.98511982859521
-61.83687408208118
-62.67862884216399
-63.507509383713604
-64.32039556270959
-65.11399166312202
-65.88491335474436
-66.62978879228007
-67.345369068459
-68.02864164382332
-68.676939303797
-69.28803689129913
-69.86022867662948
-70.39238074577983
-70.88395503207867
-71.33500425966011
-71.74613971162125
-72.11847599553668
-72.45355856399614
-72.75328051425527
-73.01979515156158
-73.2554300961023
-73.46260756122238
-73.64377406769246
-73.80134149551856
-73.93764016598543
-74.05488368289015
-74.15514457528639
-74.24033936227839
-74.3122214637295
-74.37238035704239
-74.42224547622409
-74.46309351809315
-74.49605802399003
-74.52214031618402
-74.54222106809989
-74.55707196589877
-74.56736707092841
-74.57369361713727
-74.57656207623417
-74.57641539904374
-74.5736373976168
-74.56856027272937
-74.56147131873544
-74.55261885522343
-74.5422174450081
-74.53045246266586
-74.51748407867464
-74.50345072247819
-74.48847208438663
-74.47265171183653
-74.45607925065922
-74.43883237699096
-74.42097846053709
-74.40257599522212
-74.38367582891036
-74.36432221990864
-74.34455374438247
-74.32440407562142
-74.3039026532636
-74.28307525810388
-74.26194450593988
-74.24053027202059
-74.21885005602476
-74.19691929608139
-74.17475163912508
-74.15235917383009
-74.1297526314661
-74.10694155924664
-74.0839344700797
-74.06073897206424
-74.03736188059227
-74.01380931550285
-73.99008678538107
-73.96619926079312
-73.94215123799152
-73.91794679440375
-73.89358963703039
-73.869083144718
-73.84443040513501
-73.81963424716172
-73.7946972693054
-73.769621864666
-73.74441024290421
-73.71906444960177
-73.69358638334933
-73.66797781085168
-73.64224038030079
-73.61637563323265
-73.5903850150556
-73.56426988441227
-73.53803152151603
-73.51167113558444
-73.48518987147592
-73.45858881562266
-73.43186900134033
-73.40503141358545
-73.37807699322207
-73.35100664085199
-73.3238212202559
-73.29652156148708
-73.26910846365467
-73.24158269742847
-73.21394500729409
-73.18619611358358
-73.15833671430401
-73.1303674867837
-73.10228908915371
-73.07410216168057
-73.04580732796374
-73.01740519601077
-72.98889635920091
-72.9602813971475
-72.93156087646786
-72.90273535146886
-72.87380536475543
-72.84477144776834
-72.81563412125752
-72.7863938956958
-72.75705127163823
-72.72760674003118
-72.69806078247511
-72.66841387144487
-72.63866647047043
-72.60881903428131
-72.57887200891727
-72.5488258318077
-72.51868093182206
-72.48843772929334
-72.45809663601645
-72.42765805522326
-72.39712238153582
-72.36649000089919
-72.33576129049524
-72.30493661863859
-72.2740163446558
-72.24300081874874
-72.21189038184318
-72.18068536542333
-72.14938609135321
-72.11799287168537
-72.08650600845782
-72.05492579347953
-72.02325250810523
-71.99148642299983
-71.95962779789295
-71.92767688132396
-71.89563391037788
-71.8634991104124
-71.83127269477636
-71.79895486451986
-71.76654580809628
-71.73404570105642
-71.70145470573468
-71.66877297092778
-71.63600063156578
-71.60313780837569
-71.5701846075376
-71.53714112033339
-71.50400742278813
-71.47078357530397
-71.43746962228661
-71.40406559176434
-71.37057149499934
-71.33698732609152
-71.30331306157437
-71.26954866000308
-71.23569406153443
-71.20174918749854
-71.16771393996213
-71.13358820128325
-71.099371833657
-71.06506467865226
-71.03066655673899
-70.99617726680589
-70.96159658566806
-70.92692426756446
-70.8921600436446
-70.85730362144436
-70.82235468435034
-70.78731289105244
-70.75217787498416
-70.71694924375025
-70.6816265785412
-70.64620943353395
-70.61069733527852
-70.5750897820697
-70.53938624330353
-70.50358615881765
-70.4676889382152
-70.43169396017119
-70.39560057172099
-70.35940808753003
-70.32311578914393
-70.28672292421827
-70.25022870572712
-70.21363231114951
-70.17693288163274
-70.14012952113171
-70.10322129552326
-70.06620723169416
-70.02908631660205
-69.99185749630773
-69.95451967497793
-69.917071713857
-69.87951243020628
-69.84184059620969
-69.8040549378442
-69.76615413371333
-69.72813681384234
-69.69000155843325
-69.65174689657798
-69.61337130492753
-69.57487320631563
-69.53625096833436
-69.4975029018598
-69.4586272595255
-69.41962223414116
-69.38048595705428
-69.34121649645189
-69.30181185559984
-69.26226997101651
-69.22258871057817
-69.18276587155249
-69.1427991785571
-69.1026862814394
-69.06242475307417
-69.02201208707474
-68.98144569541395
-68.94072290595015
-68.89984095985402
-68.85879700893113
-68.81758811283534
-68.77621123616737
-68.73466324545333
-68.6929409059968
-68.65104087859837
-68.60895971613589
-68.56669385999857
-68.52423963636717
-68.48159325233271
-68.4387507918452
-68.39570821148364
-68.35246133603808
-68.30900585389358
-68.26533731220604
-68.22145111185836
-68.17734250218555
-68.1330065754562
-68.08843826109701
-68.04363231964642
-67.99858333642257
-67.95328571488947
-67.90773366970477
-67.86192121943112
-67.81584217889223
-67.76949015115304
-67.72285851910276
-67.67594043661755
-67.62872881927841
-67.58121633461803
-67.53339539186882
-67.4852581311822
-67.43679641228736
-67.38800180255551
-67.33886556443309
-67.2893786422053
-67.23953164804792
-67.18931484732306
-67.13871814307096
-67.0877310596464
-67.0363427254449
-66.98454185465947
-66.93231672800454
-66.87965517233877
-66.82654453911348
-66.77297168156755
-66.71892293058397
-66.66438406911624
-66.60934030508577
-66.55377624264382
-66.49767585168263
-66.44102243547137
-66.38379859628239
-66.32598619886215
-66.26756633158908
-66.20851926514749
-66.14882440853233
-66.08846026218339
-66.02740436803056
-65.96563325621253
-65.90312238821042
-65.83984609611493
-65.77577751772002
-65.71088852710868
-65.64514966036533
-65.57853003601554
-65.51099726975634
-65.44251738299921
-65.37305470470145
-65.30257176591158
-65.23102918639746
-65.1583855526637
-65.08459728659514
-65.00961850388606
-64.93340086132818
-64.85589339193471
-64.77704232677006
-64.6967909022346
-64.61507915141962
-64.53184367799648
-64.44701741093473
-64.36052933815382
-64.27230421699844
-64.18226225918623
-64.09031878760408
-63.99638386202065
-63.900361870434445
-63.80215108238074
-63.70164316007186
-63.598722622734385
-63.493266258925026
-63.385142480943266
-63.27421061470023
-63.16032011753501
-63.04330971547412
-62.92300645028632
-62.799224625369284
-62.671764637988325
-62.540411683636265
-62.404934316257915
-62.26508284573539
-62.1205875513049
-61.971156686405344
-61.8164742467645
-61.65619746921494
-61.489954023685804
-61.31733885490359
-61.137910623392706
-60.951187687201816
-60.75664355616261
-60.55370173913615
-60.34172989128552
-60.12003315253423
-59.887846549552556
-59.64432631129146
-59.38853992158512
-59.11945470087309
-58.83592467172408
-58.53667541849894
-58.220286598945265
-57.88517170340827
-57.529554584213344
-57.151442192159024
-56.74859285764804
-56.31847933993425
-55.858245739396544
-55.36465722660461
-54.834041393331354
-54.26221988507284
-53.6444288513338
-52.975226682327325
-52.248387544508084
-51.45677947276654
-50.59222636712527
-49.64535439818216
-48.60542538524421
-47.46016317418918
-46.1955846309621
-44.795855589602354
-43.2432052949658
-41.51795223273757
-39.59872158365086
-37.46297134846261
-35.08799016246948
-32.45257956710346
-29.539669763878756
-26.340100351332858
-22.857652059443303
-19.115041713965425
-15.159924311061198
-11.069084960350342
-6.948365156909143
-2.9261414410860693
0.8601134691768602
4.28183522292599
7.237094966997791
9.662763806563293
11.53796907001568
12.879158052787062
13.72983283013569
14.148840471239536
14.20021507600192
13.945997710864704
13.442120487761729
12.736706080542117
11.869939509620595
10.874784727661629
9.778039256259227
8.601428091130678
7.362589963576598
6.075903130888925
4.753148201120817
3.404027871705801
2.0365701757649433
0.6574409078747694
-0.727813034578114
-2.114572233771338
-3.498992258266977
-4.87788048862271
-6.248595260136607
-7.608962245871808
-8.957204392843487
-10.291882713672228
-11.611845935652253
-12.916187503565252
-14.204208783539084
-15.475387566744292
-16.729351154292846
-17.965853439263963
-19.184755502474335
-20.386009314925815
-21.569644198157256
-22.73575573828222
-23.884496883263644
-25.0160709780931
-26.130726510661905
-27.22875335364331
-28.310480295946
-29.376273662506946
-30.426536824597772
-31.461710405601576
-32.48227299044226
-33.48874215139028
-34.481675609428585
-35.46167235899906
-36.4293735946322
-37.38546329016637
-38.33066829410048
-39.26575781692763
-40.19154219672743
-41.10887083648109
-42.018629209261654
-42.92173482464836
-43.81913204082236
-44.71178559174246
-45.60067267811967
-46.48677344589128
-47.37105964867419
-48.25448126438631
-49.137950815165006
-50.02232512955297
-50.90838429390327
-51.796807575047524
-52.68814616920037
-53.58279275510164
-54.48094801565392
-55.382584554475606
-56.287408981847236
-57.194823382415855
-58.10388789801041
-59.01328673996373
-59.921300541015476
-60.82578849432266
-61.72418410413998
-62.61350846211746
-63.49040462624833
-64.35119579144182
-65.19196842678278
-66.00867943249725
-66.79728378695198
-67.55387640454305
-68.27483942914567
-68.95698442509224
-69.59767833265647
-70.19494289480755
-70.7475195391451
-71.2548951175363
-71.71728792229048
-72.13559734581206
-72.51132380389066
-72.84646765735793
-73.14341666348562
-73.40483105402303
-73.63353395804207
-73.83241295064607
-74.00433639806032
-74.15208629709723
-74.27830767530877
-74.38547342017586
-74.47586264524656
-74.55155032317309
-74.61440583573548
-74.66609821859251
-74.7081061317924
-74.74173090030487
-74.76811129439906
-74.78823902661934
-74.80297421293334
-74.81306027283692
-74.81913792598374
-74.82175808449624
-74.82139354582327
-74.81844946689151
-74.81327265231047
-74.80615972292514
-74.79736425068035
-74.78710295535535
-74.77556106125225
-74.76289690969466
-74.74924591795495
-74.7347239682474
-74.71943030260626
-74.70344999143003
-74.68685603562598
-74.66971115488568
-74.65206930780691
-74.6339769834149
-74.61547429814148
-74.59659592747562
-74.57737189726181
-74.55782825594504
-74.5379876458855
-74.517869789138
-74.49749190075552
-74.47686904068294
-74.45601441361114
-74.43493962472012
-74.41365489801805
-74.39216926294837
-74.37049071406102
-74.34862634780454
-74.3265824798697
-74.30436474598758
-74.28197818863931
-74.25942733175765
-74.23671624518339
-74.21384860037082
-74.19082771860994
-74.1676566128415
-74.14433802397942
-74.12087445251787
-74.09726818608488
-74.07352132350614
-74.04963579585986
-74.02561338493284
-74.00145573942886
-73.97716438922923
-73.95274075796263
-73.92818617410497
-73.9035018807984
-73.87868904455267
-73.85374876296889
-73.82868207160698
-73.80348995010114
-73.77817332761403
-73.75273308770788
-73.72717007270079
-73.70148508756718
-73.67567890343423
-73.6497522607191
-73.62370587194627
-73.5975404242797
-73.57125658179972
-73.54485498755149
-73.51833626538829
-73.4917010216304
-73.46494984655786
-73.43808331575308
-73.41110199130806
-73.38400642290868
-73.35679714880752
-73.32947469669543
-73.30203958448091
-73.27449232098549
-73.24683340656222
-73.21906333364413
-73.19118258722835
-73.1631916453013
-73.13509097920968
-73.10688105398184
-73.07856232860318
-73.05013525624939
-73.02160028448058
-72.9929578553995
-72.96420840577623
-72.93535236714213
-72.90639016585489
-72.87732222313716
-72.84814895509024
-72.81887077268478
-72.78948808172987
-72.76000128282217
-72.73041077127614
-72.70071693703672
-72.67092016457552
-72.6410208327716
-72.61101931477758
-72.58091597787208
-72.5507111832993
-72.52040528609625
-72.48999863490856
-72.45949157179517
-72.42888443202271
-72.39817754384991
-72.36737122830253
-72.33646579893923
-72.30546156160878
-72.27435881419898
-72.2431578463774
-72.2118589393246
-72.18046236545959
-72.14896838815824
-72.11737726146445
-72.08568922979451
-72.05390452763459
-72.02202337923174
-71.99004599827825
-71.95797258758961
-71.92580333877608
-71.89353843190796
-71.86117803517456
-71.82872230453692
-71.79617138337419
-71.76352540212372
-71.73078447791492
-71.69794871419666
-71.66501820035816
-71.63199301134355
-71.59887320725959
-71.56565883297682
-71.53234991772382
-71.49894647467443
-71.46544850052788
-71.43185597508162
-71.39816886079655
-71.36438710235467
-71.33051062620876
-71.29653934012394
-71.2624731327108
-71.22831187294989
-71.19405540970735
-71.1597035712412
-71.1252561646981
-71.09071297560035
-71.05607376732247
-71.02133828055734
-70.98650623277125
-70.95157731764758
-70.91655120451863
-70.88142753778519
-70.84620593632327
-70.81088599287764
-70.77546727344148
-70.73994931662175
-70.70433163298961
-70.66861370441529
-70.63279498338683
-70.5968748923119
-70.56085282280219
-70.52472813493948
-70.4885001565227
-70.45216818229518
-70.41573147315123
-70.37918925532117
-70.34254071953394
-70.30578502015636
-70.26892127430781
-70.23194856094965
-70.19486591994793
-70.15767235110852
-70.12036681318322
-70.08294822284579
-70.04541545363638
-70.00776733487325
-69.97000265053
-69.93212013807708
-69.8941184872858
-69.85599633899332
-69.81775228382679
-69.77938486088475
-69.74089255637404
-69.7022738022001
-69.66352697450854
-69.62465039217581
-69.5856423152466
-69.54650094331562
-69.5072244138511
-69.46781080045736
-69.42825811107362
-69.38856428610612
-69.34872719649037
-69.30874464168025
-69.26861434756056
-69.22833396427933
-69.18790106399616
-69.14731313854242
-69.10656759698914
-69.06566176311829
-69.02459287279243
-68.98335807121799
-68.94195441009697
-68.90037884466138
-68.85862823058471
-68.81669932076439
-68.77458876196842
-68.73229309133978
-68.68980873275096
-68.64713199300117
-68.60425905784813
-68.56118598786584
-68.51790871411922
-68.47442303364608
-68.43072460473631
-68.38680894199737
-68.34267141119481
-68.29830722385557
-68.25371143162135
-68.20887892033836
-68.16380440386887
-68.11848241760934
-68.0729073116987
-68.0270732438993
-67.98097417213222
-67.93460384664712
-67.88795580180565
-67.84102334745617
-67.79379955987598
-67.74627727225553
-67.69844906469768
-67.65030725370302
-67.60184388111037
-67.5530507024595
-67.50391917474074
-67.45444044349374
-67.40460532921502
-67.35440431303103
-67.30382752159032
-67.25286471112521
-67.2015052506295
-67.1497381040951
-67.09755181174621
-67.04493447020457
-66.99187371151525
-66.93835668095625
-66.88437001354947
-66.82989980918481
-66.7749316062612
-66.71945035374188
-66.66344038151217
-66.6068853689197
-66.54976831136676
-66.49207148481403
-66.43377640804347
-66.37486380251488
-66.31531354963737
-66.25510464526114
-66.19421515117871
-66.13262214340592
-66.07030165699337
-66.00722862709637
-65.94337682600742
-65.8787187958283
-65.81322577642912
-65.7468676283094
-65.6796127499399
-65.61142798912428
-65.54227854787543
-65.47212788025267
-65.40093758255173
-65.32866727517924
-65.25527447547684
-65.18071446068538
-65.10494012015725
-65.02790179583182
-64.94954710988654
-64.86982077836029
-64.78866440941681
-64.70601628477088
-64.62181112263785
-64.53597982038413
-64.44844917485094
-64.35914157809178
-64.26797468600299
-64.17486105703071
-64.07970775780392
-63.982415932163235
-63.88288032962549
-63.780988788834165
-63.67662167098857
-63.56965123760877
-63.45994096626662
-63.34734479708171
-63.23170630182752
-63.11285776639826
-62.990619176126614
-62.864797091990866
-62.73518340407277
-62.601553946687964
-62.46366695736234
-62.32126135921743
-62.17405484329034
-62.02174172377392
-61.86399053502791
-61.70044133437398
-61.53070266901546
-61.354348158759954
-61.17091263838244
-60.97988779422216
-60.78071721868831
-60.57279079343177
-60.35543829663249
-60.12792211168595
-59.88942889298568
-59.63906001882161
-59.37582063084702
-59.09860702316608
-58.80619210075003
-58.497208575318155
-58.17012950555415
-57.82324571594272
-57.45463954286964
-57.06215425620545
-56.64335838789328
-56.195504065219374
-55.715478295898
-55.19974598771826
-54.644283314407666
-54.044499875890985
-53.39514797142306
-52.690217253371955
-51.92281313309598
-51.0850176906492
-50.16773269079509
-49.16050592984984
-48.05134498800447
-46.82652721663732
-45.47042242270645
-43.96535656936124
-42.29156266119014
-40.427290955898684
-38.34918690339304
-36.03309292814905
-33.45548689148444
-30.595823778535138
-27.440065043790106
-23.985593507563852
-20.2474113181385
-16.264893998041888
-12.107439603634578
-7.87643819781074
-3.700814130249187
0.2752565697329299
3.9109249508916393
7.088802110666007
9.73050561798692
11.80311975125579
13.315850914256199
14.309735896250306
14.844794160561978
14.988359647978399
14.806578837172871
14.359405272410857
13.69843919283293
12.866651565372942
11.899132455441036
10.82425572031774
9.664899855246649
8.43954813698863
7.163204894261984
5.848125169763778
4.504381516284147
3.1402993024752295
1.762790499088382
0.37761105888816293
-1.0104384902680796
-2.3973545348571665
-3.7798031988412486
-5.155016751094489
-6.520708040102033
-7.874998964986741
-9.216360095175238
-10.543559323018433
-11.85561797351032
-13.151773174522726
-14.431445560037403
-15.694211572399956
-16.939779771185577
-18.167970661652493
-19.378699635476575
-20.571962677470733
-21.747824538913108
-22.90640911404328
-24.0478917833928
-25.172493507493396
-26.28047646844793
-27.372141066014027
-28.447824080358767
-29.507897816617156
-30.55277004795098
-31.58288457504241
-32.59872222184963
-33.60080209079642
-34.58968290589702
-35.56596427982886
-36.53028775048357
-37.483337443491635
-38.425840228725875
-39.3585652496722
-40.28232271348527
-41.19796183517124
-42.1063678304324
-43.00845784730611
-43.90517571627025
-44.79748538192568
-45.68636285729713
-46.57278651555892
-47.45772550581864
-48.34212605274296
-49.22689537877782
-50.112882978434804
-51.000858984182024
-51.89148940231008
-52.78530807600895
-53.68268536464155
-54.58379372653738
-55.48857067066112
-56.396679910310056
-57.307472012964865
-58.21994638634485
-59.132717045746894
-60.043985222038074
-60.95152241426525
-61.852667856161325
-62.74434441701388
-63.62309654982415
-64.48515290698204
-65.3265145968258
-66.14306778650362
-66.93071664019247
-67.68552974278808
-68.40389064946676
-69.08264152292335
-69.71920840883308
-70.31169780002443
-70.85895670742416
-71.36059213679945
-71.81695006661974
-72.22905803368879
-72.59853862769336
-72.92750315313074
-73.21843530043554
-73.47407401195075
-73.69730315945316
-73.89105357850538
-74.05822082323205
-74.20160001818904
-74.32383758009802
-74.42739843724668
-74.51454667682953
-74.58733723398093
-74.64761620935748
-74.69702757110494
-74.73702427964288
-74.76888220552111
-74.79371554615082
-74.81249275778276
-74.82605228928902
-74.83511762827649
-74.84031134826793
-74.84216798224324
-74.84114564861713
-74.83763642712077
-74.83197553016782
-74.82444934555534
-74.8153024433703
-74.80474364746946
-74.79295127280442
-74.7800776264129
-74.76625286375624
-74.75158828445366
-74.7361791431948
-74.72010704327262
-74.70344197214231
-74.68624403090149
-74.66856490272107
-74.6504490990862
-74.63193501722998
-74.61305583733333
-74.59384028387315
-74.57431327187363
-74.55449645569253
-74.53440869529686
-74.51406645269616
-74.49348412925337
-74.47267435293952
-74.4516482231942
-74.43041551986684
-74.40898488170826
-74.38736395903328
-74.36555954445888
-74.34357768501704
-74.32142377843167
-74.29910265591849
-74.27661865350379
-74.25397567355205
-74.23117723793396
-74.20822653404855
-74.18512645472921
-74.16187963290797
-74.13848847178103
-74.114955171108
-74.09128175018282
-74.06747006793549
-74.04352184055597
-74.01943865697493
-73.99522199248742
-73.97087322076455
-73.94639362446333
-73.92178440461517
-73.89704668894811
-73.87218153927662
-73.84718995807414
-73.82207289432783
-73.79683124876196
-73.77146587850437
-73.74597760126095
-73.72036719905445
-73.69463542157695
-73.66878298919849
-73.64281059566973
-73.61671891055128
-73.5905085813986
-73.56418023572778
-73.53773448278466
-73.51117191513684
-73.48449311010624
-73.45769863105747
-73.43078902855585
-73.40376484140738
-73.37662659759138
-73.34937481509564
-73.32201000266274
-73.29453266045533
-73.26694328064748
-73.23924234794816
-73.21143034006283
-73.18350772809798
-73.1554749769134
-73.1273325454263
-73.09908088687115
-73.07072044901858
-73.04225167435646
-73.01367500023616
-72.98499085898635
-72.95619967799692
-72.92730187977496
-72.89829788197498
-72.86918809740499
-72.83997293401012
-72.81065279483548
-72.78122807796926
-72.75169917646772
-72.72206647826295
-72.69233036605458
-72.6624912171865
-72.63254940350924
-72.60250529122906
-72.57235924074436
-72.54211160647019
-72.51176273665143
-72.48131297316527
-72.4507626513134
-72.42011209960458
-72.38936163952786
-72.35851158531695
-72.32756224370605
-72.29651391367757
-72.2653668862018
-72.23412144396917
-72.20277786111495
-72.1713364029369
-72.13979732560593
-72.10816087586987
-72.07642729075071
-72.04459679723519
-72.01266961195898
-71.98064594088457
-71.94852597897273
-71.91630990984785
-71.88399790545708
-71.8515901257231
-71.81908671819092
-71.7864878176682
-71.75379354585958
-71.72100401099448
-71.68811930744867
-71.65513951535931
-71.62206470023348
-71.58889491255005
-71.55563018735477
-71.52227054384846
-71.48881598496814
-71.45526649696086
-71.42162204895021
-71.38788259249517
-71.35404806114116
-71.32011836996298
-71.28609341509957
-71.25197307328007
-71.21775720134119
-71.18344563573535
-71.14903819202951
-71.11453466439406
-71.07993482508178
-71.04523842389627
-71.01044518764941
-70.97555481960778
-70.94056699892718
-70.9054813800751
-70.8702975922406
-70.83501523873107
-70.79963389635535
-70.76415311479268
-70.72857241594697
-70.69289129328571
-70.65710921116289
-70.62122560412534
-70.5852398762018
-70.54915140017391
-70.51295951682853
-70.47666353419041
-70.4402627267345
-70.40375633457712
-70.36714356264486
-70.33042357982046
-70.29359551806468
-70.25665847151289
-70.21961149554572
-70.18245360583212
-70.14518377734417
-70.10780094334194
-70.07030399432746
-70.03269177696617
-69.99496309297463
-69.9571166979728
-69.91915130029953
-69.8810655597895
-69.84285808650986
-69.80452743945489
-69.76607212519666
-69.72749059648984
-69.68878125082848
-69.64994242895263
-69.61097241330246
-69.57186942641763
-69.53263162927914
-69.49325711959122
-69.4537439300005
-69.41409002624926
-69.37429330526007
-69.33435159314828
-69.29426264315914
-69.2540241335259
-69.21363366524515
-69.17308875976553
-69.13238685658543
-69.0915253107555
-69.05050139028128
-69.00931227342106
-68.96795504587375
-68.92642669785158
-68.88472412103164
-68.84284410538037
-68.80078333584461
-68.7585383889025
-68.71610572896698
-68.67348170463463
-68.63066254477161
-68.58764435442853
-68.54442311057517
-68.50099465764575
-68.45735470288477
-68.41349881148273
-68.36942240149061
-68.32512073850135
-68.28058893008543
-68.23582191996739
-68.19081448192915
-68.14556121342474
-68.10005652889073
-68.05429465273514
-68.00826961198669
-67.96197522858519
-67.91540511129244
-67.8685526472018
-67.82141099282305
-67.77397306471778
-67.72623152965865
-67.67817879428432
-67.62980699421973
-67.5811079826295
-67.53207331816984
-67.48269425230203
-67.43296171592812
-67.38286630530628
-67.33239826720062
-67.28154748321676
-67.23030345327116
-67.17865527813817
-67.12659164101464
-67.07410078803778
-67.02117050768652
-66.967788108992
-66.91394039847657
-66.85961365573486
-66.80479360756347
-66.74946540053854
-66.69361357193269
-66.63722201885366
-66.58027396547796
-66.52275192824212
-66.46463767884298
-66.405912204886
-66.34655566800713
-66.28654735927879
-66.22586565169438
-66.16448794950796
-66.10239063418604
-66.03954900670693
-65.9759372259197
-65.9115282426483
-65.8462937291984
-65.78020400389201
-65.71322795022097
-65.64533293017087
-65.57648469122508
-65.50664726651074
-65.43578286749636
-65.36385176859244
-65.29081218294195
-65.2166201286155
-65.14122928434598
-65.06459083384817
-64.98665329766919
-64.90736235140409
-64.8266606289865
-64.74448750962422
-64.66077888679311
-64.5754669175266
-64.48847975003977
-64.39974122750422
-64.30917056553771
-64.21668200068859
-64.1221844068729
-64.02558087635772
-63.92676826147028
-63.82563667274234
-63.72206892866381
-63.615939951609214
-63.50711610380351
-63.39545445639612
-63.2808019837982
-63.16299467438887
-63.04185654748988
-62.91719856511798
-62.78881742542046
-62.65649422284448
-62.51999295794232
-62.3790588772213
-62.233416620547516
-62.08276815023494
-61.926790432008175
-61.765132833416004
-61.59741419986923
-61.423219562132196
-61.242096421635125
-61.05355055118027
-60.857041238232746
-60.65197588570795
-60.43770387062246
-60.21350954371825
-59.97860423266904
-59.7321170870934
-59.47308457457234
-59.20043840229599
-58.91299159778255
-58.60942243308425
-58.28825581859739
-57.947841723431225
-57.5863300975311
-57.20164167462202
-56.79143392290292
-56.35306128111516
-55.88352867100538
-55.37943711518109
-54.836920117367974
-54.2515692916863
-53.61834758047919
-52.93148831461702
-52.184378410451664
-51.36942426910749
-50.47789961505706
-49.49977584550005
-48.42353786344668
-47.23599243894573
-45.92208276205116
-44.46473325032785
-42.844764504520704
-41.04094162987007
-39.030252212924196
-36.78855477582975
-34.2917936977192
-31.51803431544689
-28.450607299575797
-25.082607999836327
-21.422775153884878
-17.502253390371262
-13.38088042345915
-9.150646906368632
-4.933472422039149
-0.8712678888743399
2.891206632973946
6.226802138967056
9.043680200926326
11.294881293386643
12.977776075947105
14.125355070139047
14.793588998052236
15.049014048968296
14.959114814219976
14.586277939499194
13.984871750717245
13.200515295615242
12.270611017411898
11.225447363553616
10.089439942561295
8.882286734703106
7.619947095973001
6.315428843924172
4.979402486610753
3.6206735204040283
2.2465441135001507
0.8630911415262019
-0.524618037920316
-1.9123559026165327
-3.296599298724375
-4.674419610097827
-6.043392412968367
-7.401522207496768
-8.747179047852038
-10.079044753585054
-11.396066986430862
-12.697419898019666
-13.982470351674648
-15.250748934529462
-16.501925131163663
-17.73578614468916
-18.95221893762179
-20.151195130820675
-21.332758449488104
-22.49701444417541
-23.644122244320222
-24.774288123769296
-25.8877606733712
-26.984827386226836
-28.065812467675567
-29.13107568567929
-30.181012079062164
-31.216052342168872
-32.23666370593855
-33.243351138023954
-34.23665868904816
-35.2171708187065
-36.18551354415014
-37.14235526350568
-38.08840711870888
-39.02442277297471
-39.95119748790733
-40.86956639211456
-41.780401835944495
-42.68460972453386
-43.58312471302507
-44.47690413332828
-45.366920501523765
-46.254152429977545
-47.13957374037019
-48.02414054598668
-48.90877604781581
-49.79435277465899
-50.68167199954032
-51.571440092014925
-52.46424162913423
-53.360509199221454
-54.260490005805224
-55.16420962764867
-56.07143362636158
-56.98162812193423
-57.89392097529699
-58.80706580686601
-59.719411700329935
-60.62888202336146
-61.53296624237804
-62.428728789493206
-63.31283881221774
-64.18162386283646
-65.03114916973537
-65.85732206878946
-66.65601857927662
-67.42322625852668
-68.15519477722783
-68.84858362052243
-69.50059541488844
-70.10908393431772
-70.6726279173422
-71.19056518116584
-71.66298562389284
-72.09068587471442
-72.47509190735373
-72.81815836450033
-73.12225440971774
-73.39004567353588
-73.6243805638941
-73.82818726279083
-74.00438554096485
-74.15581543301877
-74.28518305772802
-74.39502255600705
-74.4876722677496
-74.56526282742244
-74.62971474087219
-74.6827431169977
-74.72586748007477
-74.76042491036075
-74.78758509999815
-74.80836623385818
-74.82365089114379
-74.83420140452722
-74.84067430793328
-74.84363365490286
-74.84356310224464
-74.84087673474815
-74.83592866238058
-74.829021457346
-74.82041351955745
-74.81032546949795
-74.79894567033075
-74.78643497893424
-74.7729308201388
-74.75855067118405
-74.74339503525886
-74.72754997459099
-74.71108926535456
-74.69407622892945
-74.67656528692982
-74.65860328098933
-74.6402305925619
-74.62148209294968
-74.60238794936097
-74.58297430897774
-74.56326387971446
-74.54327642352064
-74.5230291756591
-74.5025372013295
-74.48181369925327
-74.46087026034792
-74.43971708835869
-74.41836318824929
-74.3968165272526
-74.37508417272167
-74.3531724102792
-74.3310868452222
-74.30883248968202
-74.28641383765431
-74.26383492968911
-74.24109940875684
-74.21821056857506
-74.19517139548573
-74.17198460480778
-74.14865267245082
-74.12517786245839
-74.1015622510491
-74.0778077476407
-74.05391611327013
-74.02988897676269
-74.00572784895205
-73.98143413520948
-73.95700914650371
-73.93245410918132
-73.90777017363133
-73.88295842197417
-73.85801987489651
-73.83295549773653
-73.8077662059099
-73.78245286975512
-73.75701631886604
-73.73145734597065
-73.70577671040775
-73.6799751412461
-73.65405334008561
-73.62801198357454
-73.60185172567321
-73.57557319969041
-73.54917702011586
-73.52266378426944
-73.49603407378521
-73.4692884559464
-73.4424274848856
-73.41545170266295
-73.38836164023354
-73.3611578183142
-73.33384074815861
-73.30641093224898
-73.27886886491144
-73.25121503286161
-73.22344991568633
-73.1955739862669
-73.16758771114837
-73.13949155085949
-73.11128596018699
-73.08297138840794
-73.05454827948329
-73.02601707221552
-72.99737820037325
-72.9686320927849
-72.93977917340405
-72.91081986134806
-72.88175457091226
-72.85258371156105
-72.8233076878976
-72.79392689961362
-72.7644417414204
-72.73485260296233
-72.70515986871409
-72.6753639178623
-72.64546512417287
-72.61546385584452
-72.58536047534956
-72.55515533926244
-72.52484879807679
-72.49444119601159
-72.46393287080694
-72.43332415350989
-72.40261536825095
-72.37180683201154
-72.34089885438283
-72.3098917373162
-72.2787857748659
-72.24758125292378
-72.21627844894681
-72.18487763167717
-72.1533790608554
-72.1217829869267
-72.09008965074048
-72.05829928324339
-72.0264121051658
-71.99442832670204
-71.96234814718416
-71.93017175474958
-71.89789932600245
-71.86553102566884
-71.83306700624577
-71.80050740764388
-71.76785235682408
-71.73510196742778
-71.70225633940076
-71.66931555861076
-71.63627969645843
-71.60314880948174
-71.56992293895364
-71.53660211047294
-71.50318633354807
-71.46967560117378
-71.4360698894004
-71.40236915689573
-71.36857334449903
-71.33468237476708
-71.30069615151221
-71.26661455933166
-71.2324374631283
-71.1981647076225
-71.16379611685441
-71.12933149367689
-71.09477061923826
-71.06011325245487
-71.02535912947287
-70.990507963119
-70.95555944233966
-70.92051323162826
-70.88536897044
-70.85012627259376
-70.81478472566063
-70.77934389033848
-70.74380329981201
-70.7081624590977
-70.67242084437302
-70.63657790228949
-70.60063304926844
-70.56458567077921
-70.5284351205989
-70.49218072005279
-70.45582175723479
-70.41935748620696
-70.3827871261773
-70.34610986065479
-70.30932483658076
-70.2724311634356
-70.23542791231971
-70.19831411500759
-70.1610887629739
-70.12375080639025
-70.08629915309149
-70.04873266751017
-70.0110501695777
-69.97325043359083
-69.9353321870418
-69.89729410941064
-69.85913483091807
-69.8208529312368
-69.78244693815991
-69.74391532622396
-69.70525651528499
-69.66646886904526
-69.62755069352839
-69.58850023550067
-69.54931568083596
-69.50999515282163
-69.47053671040288
-69.43093834636241
-69.3911979854326
-69.35131348233695
-69.31128261975746
-69.27110310622444
-69.23077257392511
-69.19028857642702
-69.14964858631241
-69.10884999271887
-69.0678900987822
-69.02676611897624
-68.9854751763451
-68.94401429962207
-68.90238042022986
-68.86057036915624
-68.81858087369874
-68.77640855407189
-68.73404991987009
-68.69150136637862
-68.64875917072517
-68.60581948786353
-68.56267834638085
-68.51933164411919
-68.47577514360165
-68.43200446725267
-68.38801509240167
-68.34380234605835
-68.29936139944733
-68.25468726228905
-68.20977477681319
-68.16461861148966
-68.11921325446171
-68.07355300666445
-68.02763197461103
-67.98144406282766
-67.93498296591764
-67.88824216023269
-67.84121489512916
-67.79389418378473
-67.74627279354975
-67.69834323580567
-67.65009775530105
-67.60152831893379
-67.55262660394577
-67.50338398549412
-67.45379152356055
-67.40383994915754
-67.35351964978734
-67.30282065410645
-67.25173261574484
-67.20024479622562
-67.14834604692662
-67.09602479002129
-67.04326899833129
-66.9900661740184
-66.93640332603758
-66.88226694626714
-66.82764298422538
-66.77251682027595
-66.71687323721665
-66.66069639013747
-66.60396977442527
-66.54667619178154
-66.48879771410974
-66.43031564511573
-66.37121047945278
-66.31146185922755
-66.25104852766799
-66.18994827973724
-66.12813790945826
-66.06559315369364
-66.00228863210191
-65.93819778296692
-65.87329279456914
-65.80754453173714
-65.74092245718441
-65.67339454719894
-65.60492720121252
-65.53548514473103
-65.4650313250567
-65.3935267991776
-65.32093061313739
-65.24719967212994
-65.17228860048576
-65.09614959063289
-65.01873224001835
-64.93998337487035
-64.85984685956204
-64.77826339020393
-64.69517027094255
-64.61050117127473
-64.52418586249773
-64.43614993120278
-64.34631446747946
-64.25459572522738
-64.16090475166537
-64.06514698278123
-63.96722180107165
-63.86702205147501
-63.76443351089108
-63.659334306102366
-63.55159427425035
-63.441074259263814
-63.327625336770645
-63.21108795903112
-63.09129101028933
-62.96805076162536
-62.84116971287531
-62.71043530743543
-62.57561850373975
-62.43647218485013
-62.29272938486654
-62.14410130768583
-61.990275109929065
-61.83091141552334
-61.66564152434958
-61.49406427141449
-61.31574248600722
-61.130198992061
-60.93691208121805
-60.73531037860626
-60.524767007733644
-60.304592944777625
-60.07402943339449
-59.83223930840489
-59.578297049613624
-59.3111773547524
-59.029741982093675
-58.732724567505294
-58.418713066247925
-58.08612940513001
-57.7332058540407
-57.35795753560517
-56.95815038602608
-56.53126375768189
-56.0744467141184
-55.584466911623764
-55.05765079241195
-54.4898136413062
-53.87617789779383
-53.21127799911948
-52.48885001025347
-51.70170446011263
-50.84158129066134
-49.8989868578929
-48.86301484314119
-47.72115625605661
-46.45910919672456
-45.060607777145606
-43.50730306375863
-41.778749004004574
-39.85257527147395
-37.704968881426566
-35.31163784404381
-32.64948865661745
-29.69929836376369
-26.449659154394105
-22.902336890992757
-19.078795806932575
-15.026906798436986
-10.825863576493877
-6.586534149266286
-2.4446839227721853
1.4536072419943409
4.971764918481442
8.002277972836177
10.479952795559177
12.385327827681637
13.738746660892208
14.588712197839007
14.998961314711208
15.037552748233294
14.769411058665906
14.252270984062433
13.535202211943183
12.658742757309613
11.655843450684722
10.553092233074118
9.371920804831076
8.12965861777303
6.840395001546447
5.515658389039991
4.164940825358618
2.7960998133931207
1.4156664906912766
0.02908375565377952
-1.3591075148436882
-2.745120703316276
-4.125804375567414
-5.49854487279567
-6.861185545861068
-8.211959019289997
-9.549429864590628
-10.872445755318976
-12.180095660824266
-13.471673976565182
-14.746649731545855
-16.00464018873396
-17.245388283207728
-18.468743439212727
-19.67464538056901
-20.863110605088654
-22.034221236917688
-23.188116003758925
-24.324983110704558
-25.44505480037818
-26.548603401480158
-27.635938675772767
-28.707406278137455
-29.76338714669984
-30.804297641258845
-31.83059024943396
-32.84275468199715
-33.841319182519754
-34.82685188219399
-35.79996203859195
-36.76130100693289
-37.71156280349672
-38.651484132172804
-39.58184375555189
-40.503461100109114
-41.41719398955701
-42.32393540019065
-43.224609126126126
-44.12016423029677
-45.011568139017086
-45.899798214613185
-46.78583161359192
-47.67063320953908
-48.555141333945414
-49.440251069282475
-50.326794823218734
-51.215519928921196
-52.107063063829386
-53.00192136984001
-53.90042030469737
-54.802678471324526
-55.70856997154978
-56.617685222079615
-57.5292916547703
-58.44229628834578
-59.355212773533495
-60.26613612145706
-61.17272883929695
-62.07222250074457
-62.96143873199542
-63.836833053134214
-64.69456386280326
-65.53058704250118
-66.34077425012475
-67.12105018130408
-67.86754126401975
-68.57672589171332
-69.2455748922138
-69.87167087632373
-70.45329659156653
-70.98948530178967
-71.4800300964803
-71.92545326370436
-72.32694073550317
-72.68624954124304
-73.00559782779955
-73.28754725999694
-73.53488669261124
-73.75052426596415
-73.93739293671258
-74.09837229086266
-74.23622757554267
-74.35356538901311
-74.45280443612685
-74.53615916049273
-74.60563382932182
-74.66302467819496
-74.70992792856107
-74.74775179223315
-74.77773091469203
-74.8009420415018
-74.8183199945071
-74.83067330404216
-74.83869905617888
-74.8429966816874
-74.84408054061517
-74.84239124934201
-74.83830576203522
-74.83214626160446
-74.82418794179166
-74.81466577631085
-74.8037803765071
-74.79170303858304
-74.77858007713266
-74.76453653506822
-74.74967935212926
-74.73410006579819
-74.71787711012604
-74.70107777002741
-74.68375984122645
-74.66597303932622
-74.64776019546555
-74.62915827071137
-74.61019921667675
-74.59091070580388
-74.57131675125129
-74.55143823331437
-74.5312933467314
-74.51089798102818
-74.49026604418252
-74.46940973830108
-74.44833979465395
-74.42706567427261
-74.40559573935339
-74.38393739989442
-74.36209723930757
-74.3400811221667
-74.31789428676518
-74.29554142474336
-74.27302674969833
-74.25035405639612
-74.22752677195818
-74.20454800018582
-74.18142056000971
-74.15814701890297
-74.13472972197047
-74.11117081732085
-74.08747227823748
-74.06363592258884
-74.03966342985419
-74.01555635608555
-73.99131614708092
-73.966944150004
-73.94244162365243
-73.91780974754802
-73.89304962999809
-73.86816231525651
-73.8431487898954
-73.81800998848313
-73.79274679865186
-73.76736006562639
-73.74185059627672
-73.7162191627488
-73.69046650572086
-73.66459333732661
-73.63860034378146
-73.61248818774368
-73.58625751043812
-73.55990893356717
-73.53344306103055
-73.50686048047292
-73.48016176467628
-73.45334747281218
-73.42641815156696
-73.3993743361519
-73.37221655120885
-73.34494531162086
-73.31756112323603
-73.2900644835124
-73.26245588209055
-73.23473580130015
-73.20690471660569
-73.17896309699681
-73.15091140532729
-73.12275009860714
-73.09447962825114
-73.06610044028747
-73.0376129755294
-73.00901766971259
-72.98031495360088
-72.95150525306265
-72.9225889891198
-72.89356657797153
-72.86443843099434
-72.83520495472017
-72.80586655079388
-72.7764236159116
-72.7468765417411
-72.71722571482539
-72.6874715164704
-72.65761432261795
-72.62765450370466
-72.59759242450775
-72.56742844397836
-72.53716291506312
-72.50679618451458
-72.47632859269106
-72.44576047334637
-72.41509215341004
-72.38432395275832
-72.35345618397638
-72.32248915211208
-72.29142315442178
-72.26025848010812
-72.22899541005044
-72.19763421652782
-72.16617516293493
-72.13461850349111
-72.10296448294258
-72.07121333625804
-72.03936528831782
-72.00742055359655
-71.97537933583949
-71.94324182773272
-71.91100821056693
-71.87867865389512
-71.84625331518404
-71.81373233945949
-71.78111585894537
-71.74840399269644
-71.7155968462248
-71.68269451112
-71.64969706466265
-71.61660456943146
-71.58341707290369
-71.55013460704866
-71.5167571879145
-71.4832848152076
-71.44971747186497
-71.41605512361906
-71.38229771855497
-71.3484451866597
-71.31449743936349
-71.28045436907261
-71.24631584869368
-71.21208173114907
-71.17775184888309
-71.14332601335873
-71.10880401454452
-71.07418562039125
-71.03947057629814
-71.00465860456809
-70.9697494038515
-70.9347426485784
-70.89963798837837
-70.86443504748762
-70.82913342414298
-70.79373268996218
-70.75823238930978
-70.72263203864826
-70.68693112587368
-70.65112910963529
-70.61522541863833
-70.57921945092941
-70.54311057316374
-70.50689811985347
-70.47058139259623
-70.43415965928324
-70.39763215328588
-70.36099807262008
-70.32425657908726
-70.28740679739118
-70.25044781422936
-70.21337867735807
-70.17619839462985
-70.1389059330023
-70.10150021751673
-70.06398013024564
-70.02634450920743
-69.98859214724708
-69.95072179088105
-69.9127321391051
-69.87462184216322
-69.8363895002759
-69.79803366232603
-69.75955282450052
-69.72094542888547
-69.68220986201307
-69.64334445335773
-69.60434747377944
-69.56521713391167
-69.52595158249137
-69.48654890462844
-69.44700712001182
-69.40732418104926
-69.36749797093758
-69.32752630166033
-69.28740691190927
-69.24713746492618
-69.20671554626104
-69.16613866144276
-69.12540423355819
-69.08450960073483
-69.04345201352291
-69.00222863217144
-68.96083652379352
-68.91927265941509
-68.87753391090143
-68.83561704775549
-68.79351873378124
-68.75123552360562
-68.70876385905159
-68.66610006535495
-68.62324034721665
-68.58018078468218
-68.53691732883914
-68.49344579732325
-68.44976186962292
-68.40586108217154
-68.3617388232162
-68.31739032745081
-68.27281067040089
-68.22799476254649
-68.18293734316877
-68.13763297390513
-68.09207603199648
-68.04626070320958
-68.00018097441587
-67.95383062580748
-67.90720322272944
-67.86029210710593
-67.8130903884372
-67.76559093434153
-67.7177863606157
-67.66966902078524
-67.6212309951136
-67.57246407903786
-67.52335977099551
-67.47390925960539
-67.42410341016229
-67.37393275040249
-67.32338745549428
-67.27245733220411
-67.22113180218543
-67.16939988433361
-67.117250176146
-67.06467083402133
-67.01164955242842
-66.95817354186812
-66.90422950554701
-66.8498036146749
-66.79488148229132
-66.73944813551888
-66.6834879861329
-66.62698479932823
-66.56992166055421
-66.51228094027849
-66.45404425652835
-66.39519243504631
-66.33570546688232
-66.2755624632301
-66.21474160729876
-66.15322010299214
-66.09097412014899
-66.0279787360748
-65.96420787307211
-65.89963423164966
-65.83422921906126
-65.76796287279339
-65.70080377858451
-65.63271898251986
-65.56367389670196
-65.4936321979488
-65.42255571891799
-65.35040433099581
-65.2771358182242
-65.20270574146495
-65.12706729191889
-65.0501711330261
-64.97196522967174
-64.89239466350779
-64.81140143307361
-64.7289242372552
-64.64489824046261
-64.5592548177247
-64.47192127769752
-64.38282056135385
-64.29187091386383
-64.1989855268844
-64.10407214814603
-64.00703265485069
-63.907762586970826
-63.80615063605609
-63.70207808460524
-63.59541819043351
-63.486035509749485
-63.37378515183589
-63.25851195728911
-63.14004959069302
-63.018219537361595
-62.89282999235419
-62.76367462831564
-62.63053122678319
-62.493160155388175
-62.351302670810234
-62.2046790243519
-62.05298634351648
-61.89589625890325
-61.73305224097255
-61.56406660565259
-61.38851714120452
-61.20594330104862
-61.01584189816134
-60.817662225912336
-60.61080051750528
-60.39459364112911
-60.16831191005778
-59.93115086570265
-59.682221866360536
-59.42054128432466
-59.1450180782008
-58.85443946459938
-58.547454362579714
-58.222554223845265
-57.87805079009951
-57.51205023441878
-57.12242304421386
-56.70676888775963
-56.26237557335467
-55.78617106011124
-55.27466731460838
-54.723894634599056
-54.129324892861426
-53.48578201554013
-52.787337942458855
-52.02719239315554
-51.19753509787206
-50.28938993215556
-49.29244190488262
-48.19485063104411
-46.98305842510395
-45.641608421358434
-44.152999478530965
-42.49762179749895
-40.65384230465107
-38.59834416400025
-36.30687170503103
-33.7555888124851
-30.92331490802063
-27.79492808219653
-24.366155026250784
-20.64969506031805
-16.682034098935105
-12.529384575060996
-8.290229011101193
-4.091642556577564
-0.07774391585292051
3.6085465493521007
6.845939444634173
9.551196505722869
11.686680596125676
13.257885755595236
14.30355102441315
14.882758550098318
15.06293184311138
14.910925323907051
14.48767121984178
13.845783917670191
13.029155386386227
12.073652108808124
11.008274247555908
9.856393193172588
8.636875905429573
7.365025147610194
6.053329621149352
4.712046934088025
3.349651106562071
1.9731753126891427
0.5884757413407424
-0.7995631410919568
-2.186866702003896
-3.5700404945413746
-4.946264825971768
-6.313207793574654
-7.668952665060998
-9.011936625683472
-10.340898714962135
-11.654835335252939
-12.952962106742834
-14.234681121284213
-15.499552846915304
-16.747272080481988
-17.977647453939216
-19.19058408161643
-20.38606899822673
-21.56415908548286
-22.724971222067854
-23.86867441961462
-24.99548372790183
-26.105655706975426
-27.199485273507715
-28.27730373451648
-29.33947782469409
-30.38640956515726
-31.41853676250875
-32.4363339686993
-33.440313725119196
-34.431027919210955
-35.40906908893119
-36.37507151948595
-37.32971198742262
-38.273710018532356
-39.20782753696862
-40.132867792209424
-41.04967345662998
-41.95912378825077
-42.862130749669504
-43.759633964635114
-44.652594378042
-45.54198646379131
-46.42878879919637
-47.313972796471205
-48.19848935442224
-49.08325317104513
-49.96912444600896
-50.85688770831672
-51.74722753790606
-52.640701021607626
-53.537706906381835
-54.4384515998043
-55.34291243275892
-56.250798953059906
-57.161513466083306
-58.07411257349925
-58.98727206123631
-59.899258107174944
-60.80790834347051
-61.71062671267347
-62.60439616890056
-63.48581295005419
-64.35114525218503
-65.19641759099916
-66.017519952073
-66.81033815975172
-67.57089903819298
-68.29552133393054
-68.98096152060837
-69.62454297030592
-70.22425783524366
-70.77883334417028
-71.2877577706252
-71.75126550553028
-72.17028476582102
-72.54635483806479
-72.88152192916245
-73.17822349244464
-73.43917041341054
-73.66723498015395
-73.86535053542968
-74.03642651253098
-74.18328051828705
-74.30858745098239
-74.41484442101
-74.50434947737018
-74.57919177328579
-74.64125073957894
-74.69220198014703
-74.73352787497181
-74.76653120506062
-74.79235045209977
-74.81197574225591
-74.8262646812714
-74.83595755970909
-74.84169159261238
-74.84401400068191
-74.84339384606874
-74.84023261143767
-74.8348735622771
-74.82760996509772
-74.81869225291152
-74.80833423808107
-74.79671847433114
-74.78400086675938
-74.7703146228188
-74.75577362973921
-74.74047533560385
-74.72450320291001
-74.70792879531581
-74.69081355065319
-74.67321028630104
-74.65516447672033
-74.6367153373611
-74.61789674423315
-74.59873801414349
-74.5792645668883
-74.5594984874869
-74.53945900380033
-74.5191628925319
-74.49862482460934
-74.47785765925012
-74.45687269457162
-74.43567988138835
-74.41428800580752
-74.39270484536239
-74.37093730268793
-74.34899152012208
-74.32687297809241
-74.3045865797068
-74.28213672359361
-74.25952736672363
-74.23676207868031
-74.21384408862188
-74.19077632599003
-74.16756145586052
-74.14420190969665
-74.1206999121525
-74.09705750447714
-74.07327656498893
-74.04935882702085
-74.02530589467867
-74.00111925670465
-73.97680029869734
-73.95235031390212
-73.92777051275694
-73.90306203135178
-73.87822593893824
-73.85326324460704
-73.82817490323488
-73.80296182078888
-73.77762485906439
-73.75216483992256
-73.72658254908505
-73.70087873953595
-73.67505413457457
-73.6491094305573
-73.62304529936208
-73.59686239060458
-73.57056133363231
-73.54414273931884
-73.51760720167879
-73.49095529932077
-73.46418759675451
-73.43730464556567
-73.41030698547107
-73.38319514526526
-73.35596964366833
-73.32863099008381
-73.30117968527449
-73.27361622196342
-73.24594108536635
-73.21815475366135
-73.19025769840091
-73.16225038487111
-73.13413327240214
-73.10590681463394
-73.0775714597406
-73.04912765061651
-73.0205758250273
-72.99191641572793
-72.96314985055072
-72.93427655246514
-72.90529693961145
-72.87621142531015
-72.84702041804871
-72.81772432144724
-72.78832353420437
-72.75881845002472
-72.72920945752918
-72.69949694014882
-72.66968127600373
-72.63976283776748
-72.60974199251808
-72.57961910157633
-72.54939452033194
-72.5190685980585
-72.4886416777174
-72.4581140957517
-72.42748618187005
-72.3967582588214
-72.36593064216063
-72.33500364000584
-72.30397755278715
-72.27285267298778
-72.24162928487743
-72.21030766423819
-72.17888807808329
-72.14737078436896
-72.1157560316993
-72.0840440590246
-72.05223509533302
-72.02032935933588
-71.98832705914656
-71.95622839195316
-71.92403354368484
-71.89174268867198
-71.85935598930017
-71.82687359565797
-71.79429564517847
-71.7616222622746
-71.7288535579682
-71.69598962951261
-71.663030560009
-71.62997641801604
-71.59682725715301
-71.56358311569615
-71.53024401616813
-71.49680996492047
-71.46328095170882
-71.4296569492608
-71.3959379128363
-71.36212377977999
-71.32821446906588
-71.29420988083359
-71.26010989591612
-71.22591437535884
-71.1916231599295
-71.15723606961879
-71.12275290313119
-71.0881734373659
-71.05349742688728
-71.0187246033845
-70.98385467512009
-70.94888732636683
-70.91382221683261
-70.87865898107279
-70.84339722788951
-70.8080365397176
-70.77257647199632
-70.73701655252651
-70.7013562808126
-70.66559512738876
-70.62973253312846
-70.59376790853713
-70.55770063302668
-70.5215300541716
-70.4852554869456
-70.44887621293802
-70.41239147954921
-70.37580049916403
-70.3391024483023
-70.30229646674555
-70.26538165663875
-70.22835708156622
-70.19122176560025
-70.1539746923217
-70.11661480381093
-70.07914099960807
-70.04155213564106
-70.00384702312024
-69.96602442739794
-69.92808306679137
-69.89002161136752
-69.85183868168795
-69.81353284751215
-69.77510262645713
-69.73654648261163
-69.69786282510277
-69.65905000661294
-69.62010632184467
-69.58103000593128
-69.54181923279052
-69.50247211341878
-69.46298669412315
-69.42336095468826
-69.383592806475
-69.34368009044783
-69.30362057512752
-69.26341195446544
-69.223051845636
-69.18253778674314
-69.14186723443692
-69.10103756143558
-69.06004605394881
-69.01888990899721
-68.97756623162289
-68.93607203198594
-68.89440422234104
-68.85255961388812
-68.81053491349108
-68.7683267202576
-68.72593152197317
-68.68334569138185
-68.64056548230599
-68.59758702559645
-68.55440632490462
-68.51101925226689
-68.46742154349182
-68.42360879333931
-68.379576450481
-68.33531981222993
-68.29083401902709
-68.2461140486717
-68.20115471028107
-68.15595063796522
-68.11049628420037
-68.06478591288452
-68.01881359205721
-67.97257318626433
-67.92605834854773
-67.87926251203808
-67.83217888112793
-67.78480042220036
-67.73711985388711
-67.68912963682823
-67.64082196290339
-67.59218874390307
-67.54322159960533
-67.49391184522213
-67.44425047817569
-67.39422816416366
-67.34383522246806
-67.29306161046014
-67.24189690724988
-67.1903302964248
-67.138350547819
-67.08594599824872
-67.03310453114607
-66.97981355501737
-66.92605998064684
-66.87183019696033
-66.81711004545726
-66.76188479311143
-66.70613910363394
-66.64985700698224
-66.59302186699081
-66.53561634698808
-66.47762237325345
-66.41902109615604
-66.3597928488034
-66.299917103014
-66.23937242241131
-66.17813641241973
-66.1161856669235
-66.0534957113286
-65.99004094174452
-65.92579455997718
-65.86072850399609
-65.79481337350815
-65.72801835023584
-65.66031111246001
-65.59165774334554
-65.52202263252198
-65.45136837033965
-65.37965563416499
-65.30684306601553
-65.23288714076453
-65.15774202406692
-65.08135941907092
-65.00368840088223
-64.92467523763854
-64.84426319693077
-64.76239233617017
-64.67899927534813
-64.59401695046293
-64.50737434569444
-64.41899620219023
-64.32880270108033
-64.23670911806093
-64.1426254465731
-64.04645598624745
-63.94809889288191
-63.847445685762175
-63.744380707612244
-63.63878053186851
-63.53051331129207
-63.41943806115773
-63.305403869369286
-63.188249024830206
-63.067800054226126
-62.9438706560249
-62.81626051894167
-62.68475401031548
-62.54911871775838
-62.40910382501843
-62.2644383001858
-62.11482887109601
-61.95995775896247
-61.799480136803254
-61.63302127399333
-61.46017332213181
-61.28049169019219
-61.09349094841588
-60.89864019036898
-60.69535777071198
-60.483005322174364
-60.26088093855333
-60.02821139075242
-59.784143219327085
-59.52773251897461
-59.257933197022886
-58.973583448206696
-58.67339014066817
-58.35591075179419
-58.01953242564322
-57.66244764460627
-57.28262591481215
-56.877780755938765
-56.44533116022816
-55.9823565422223
-55.48554404140112
-54.95112686906983
-54.37481221856252
-53.75169710333207
-53.076170384964044
-52.34179926066297
-51.54119869293188
-50.66588283655483
-49.706098690866405
-48.650644349714824
-47.486677895192855
-46.19952900023187
-44.772534824922985
-43.186936377455986
-41.42189315157039
-39.4547048036862
-37.26137082445672
-34.8176725477016
-32.101020395821976
-29.09335253418172
-25.785350253881415
-22.18205977448734
-18.30955842248155
-14.221502287984464
-10.003388217929503
-5.771691622782605
-1.6655413103354553
2.1691890723401714
5.600141717396896
8.527245669151077
10.89422231249695
12.690027339037458
13.941471829576662
14.700995721674861
15.0339304186357
15.008198991712248
14.687557478765559
14.12811493844646
13.377243368791568
12.473922643181092
11.449772704852602
10.330291682791929
9.136039767152786
7.883657090290332
6.586688832685072
5.256232008795298
3.901433743397619
2.529872856002207
1.147852794577939
-0.2393715566612169
-1.6274160358955703
-3.0126256678997336
-4.391960265469161
-5.762900589679639
-7.123370356698506
-8.471670699620596
-9.806424619324249
-11.126529604639206
-12.431117054420344
-13.719517453010573
-14.991230478125617
-16.24589938512636
-17.483289133318888
-18.703267811255646
-19.905790987564743
-21.090888667272427
-22.258654574674246
-23.409237515117447
-24.542834591407
-25.659686067347
-26.760071682374402
-27.844308228449627
-28.912748204444284
-29.96577936532552
-31.003824984583964
-32.02734464962995
-33.03683541219608
-34.0328331198208
-35.015913760639336
-35.98669466201181
-36.94583539363023
-37.894038236951886
-38.83204809407763
-39.760651719277156
-40.6806761639063
-41.592986329149966
-42.4984815197296
-43.39809088462926
-44.29276761766732
-45.183481771588035
-46.071211515170184
-46.95693263535734
-47.84160605826149
-48.72616313785478
-49.611488444342555
-50.49839978224837
-51.38762518953404
-52.27977672388531
-53.17532094266815
-54.074546142397374
-54.97752665558812
-55.884084819791944
-56.7937516431996
-57.70572769247718
-58.618846306362975
-59.53154185735229
-60.441826381304125
-61.34727837825293
-62.245047834866305
-63.13188138758085
-64.00417089403716
-64.85802740181632
-65.68938056760796
-66.49410107753887
-67.26814079141054
-68.00768256869861
-68.70928952018951
-69.37004225698085
-69.98765294645638
-70.5605467593008
-71.08790441954118
-71.5696635742481
-72.00648091467525
-72.39966071255232
-72.75105812886619
-73.06296700741821
-73.338001870776
-73.57898272475043
-73.78882942824103
-73.97047021322285
-74.12676680608232
-74.26045676213906
-74.37411221690631
-74.47011331386331
-74.5506340491212
-74.61763809714621
-74.67288225355732
-74.71792536070807
-74.75414089427073
-74.78273172828023
-74.80474592428851
-74.82109268504479
-74.83255786373374
-74.8398186236223
-74.84345700236562
-74.84397225532881
-74.8417919393479
-74.83728175873958
-74.83075423494358
-74.82247628503225
-74.81267580666447
-74.80154737126682
-74.78925712590795
-74.77594699946467
-74.76173830170822
-74.74673479590169
-74.73102531710838
-74.71468600014293
-74.69778217324945
-74.68036996633766
-74.66249767603341
-74.64420692392622
-74.62553363921188
-74.6065088923912
-74.5871596027466
-74.567509138917
-74.54757782897039
-74.52738339387267
-74.50694131612018
-74.48626515348906
-74.4653668063158
-74.44425674541873
-74.42294420666701
-74.40143735727075
-74.3797434380784
-74.35786888550264
-74.3358194361353
-74.3136002166388
-74.2912158211027
-74.26867037771733
-74.24596760633328
-74.22311086823538
-74.20010320925846
-74.17694739720125
-74.15364595435085
-74.13020118580856
-74.10661520420472
-74.08288995130336
-74.05902721692375
-74.0350286555432
-74.01089580089275
-73.98663007881264
-73.96223281859562
-73.93770526301465
-73.91304857720296
-73.8882638565318
-73.86335213361056
-73.8383143845172
-73.81315153435204
-73.78786446219573
-73.76245400554127
-73.73692096426106
-73.71126610416162
-73.68549016017244
-73.65959383920894
-73.6335778227452
-73.60744276912693
-73.5811893156524
-73.55481808044463
-73.52832966413655
-73.50172465138724
-73.47500361224617
-73.44816710337982
-73.4212156691737
-73.39414984272162
-73.36697014671209
-73.33967709422163
-73.31227118942272
-73.28475292821422
-73.25712279878073
-73.22938128208692
-73.20152885231224
-73.1735659772309
-73.14549311854154
-73.11731073215057
-73.08901926841278
-73.06061917233258
-73.03211088372878
-73.00349483736566
-72.97477146305293
-72.94594118571649
-72.91700442544256
-72.8879615974966
-72.85881311231904
-72.82955937549927
-72.80020078772931
-72.77073774473865
-72.74117063721123
-72.71149985068588
-72.68172576544114
-72.6518487563654
-72.62186919281321
-72.59178743844863
-72.56160385107623
-72.53131878246045
-72.50093257813393
-72.47044557719536
-72.43985811209743
-72.40917050842505
-72.37838308466476
-72.34749615196526
-72.3165100138896
-72.28542496615938
-72.25424129639116
-72.22295928382536
-72.19157919904794
-72.16010130370492
-72.12852585021014
-72.09685308144613
-72.0650832304585
-72.03321652014381
-72.00125316293102
-71.96919336045664
-71.93703730323365
-71.90478517031413
-71.87243712894573
-71.83999333422199
-71.80745392872633
-71.77481904217
-71.74208879102353
-71.70926327814209
-71.67634259238423
-71.64332680822433
-71.61021598535832
-71.57701016830285
-71.54370938598744
-71.51031365133989
-71.47682296086433
-71.44323729421218
-71.40955661374551
-71.37578086409268
-71.34190997169615
-71.30794384435214
-71.27388237074182
-71.23972541995394
-71.20547284099848
-71.17112446231101
-71.13668009124757
-71.1021395135696
-71.06750249291865
-71.03276877028047
-70.99793806343808
-70.96301006641339
-70.92798444889699
-70.89286085566562
-70.85763890598676
-70.8223181930101
-70.78689828314496
-70.75137871542347
-70.71575900084873
-70.68003862172745
-70.64421703098627
-70.60829365147136
-70.57226787523028
-70.53613906277567
-70.4999065423298
-70.46356960904924
-70.42712752422892
-70.39057951448443
-70.35392477091197
-70.31716244822478
-70.28029166386507
-70.2433114970905
-70.20622098803393
-70.1690191367355
-70.13170490214566
-70.09427720109797
-70.05673490725033
-70.01907684999325
-69.9813018133237
-69.94340853468304
-69.90539570375745
-69.8672619612391
-69.82900589754644
-69.7906260515017
-69.75212090896368
-69.71348890141377
-69.67472840449325
-69.63583773648944
-69.59681515676844
-69.55765886415219
-69.5183669952369
-69.4789376226506
-69.4393687532466
-69.39965832623005
-69.35980421121458
-69.3198042062054
-69.2796560355058
-69.23935734754298
-69.19890571260983
-69.1582986205182
-69.11753347815964
-69.0766076069692
-69.03551824028729
-68.99426252061485
-68.95283749675659
-68.91124012084657
-68.86946724525052
-68.82751561933854
-68.7853818861218
-68.74306257874622
-68.70055411683609
-68.65785280267967
-68.61495481724887
-68.57185621604425
-68.52855292475638
-68.48504073473377
-68.44131529824733
-68.3973721235404
-68.35320656965301
-68.308813841008
-68.26418898174646
-68.21932686979834
-68.17422221067412
-68.12886953096174
-68.08326317151256
-68.03739728029886
-67.99126580492427
-67.94486248476724
-67.8981808427368
-67.8512141766178
-67.80395554998196
-67.75639778263917
-67.7085334406017
-67.66035482553251
-67.61185396364635
-67.56302259403074
-67.51385215635113
-67.46433377790255
-67.41445825996695
-67.36421606343285
-67.31359729363069
-67.26259168433391
-67.2111885808721
-67.1593769222988
-67.10714522255206
-67.0544815505413
-67.0013735090892
-66.94780821265157
-66.89377226373242
-66.83925172790525
-66.78423210734414
-66.72869831276094
-66.67263463363658
-66.61602470662541
-66.55885148200164
-66.50109718800634
-66.44274329294149
-66.38377046484507
-66.32415852856695
-66.26388642004984
-66.20293213760301
-66.14127268993788
-66.0788840407141
-66.01574104932277
-65.95181740760846
-65.88708557220517
-65.82151669213108
-65.75508053125441
-65.68774538520601
-65.61947799227478
-65.55024343777671
-65.48000505133989
-65.4087242964927
-65.33636065188202
-65.26287148338075
-65.18821190626892
-65.11233463658922
-65.03518983068437
-64.95672491181965
-64.8768843826776
-64.7956096223814
-64.71283866655715
-64.62850596878154
-64.54254214157666
-64.45487367490622
-64.36542262989343
-64.27410630521673
-64.18083687334088
-64.08552098340304
-63.98805932719021
-63.88834616420918
-63.78626880135552
-63.681707022124
-63.574532459660176
-63.46460790721727
-63.351786558741495
-63.235911171343695
-63.11681314030689
-62.99431147600363
-62.86821167062661
-62.7383044409374
-62.60436433127319
-62.466148158772896
-62.32339328013824
-62.17581565616602
-62.02310768669786
-61.86493578443985
-61.700937651195915
-61.530719214302515
-61.35385117428891
-61.16986510682602
-60.978249052637516
-60.77844251795452
-60.569830794967345
-60.35173849616706
-60.12342217799741
-59.88406190728174
-59.632751597764596
-59.36848791300002
-59.090157494762714
-58.796522232024124
-58.48620223301035
-58.15765610044915
-57.809158036160426
-57.438771213883285
-57.04431675691224
-56.62333753823119
-56.17305588454142
-55.69032411239444
-55.1715666576114
-54.61271238577881
-54.00911550682687
-53.35546338779812
-52.6456695120002
-51.87274994825546
-51.02868209809703
-50.10424538308476
-49.08884523164298
-47.97032469950142
-46.734773012323075
-45.36634826215907
-43.84714381459824
-42.15714651442586
-40.27436169991321
-38.17521752944986
-35.835410251877654
-33.23140991514644
-30.342899360713112
-27.156432745516753
-23.670500350431794
-19.901860510588957
-15.892338997661277
-11.714333858004007
-7.472366765304006
-3.297947516126926
0.6634665102961388
4.27157454358049
7.411377444795935
10.008170768104655
12.033118814041204
13.4990600177433
14.449682921874064
14.946537604534274
15.057519472070753
14.84865299778096
14.379376096868741
13.70060599863794
12.854609869480676
11.875832261362792
10.792092305051716
9.625809660537936
8.395096185746711
7.114658662791362
5.796514408310477
4.450545569386578
3.084924138878673
1.7064376308299558
0.32074022004059977
-1.067451411589346
-2.454203167067141
-3.8362391043956725
-5.21083995892687
-6.575759227875886
-7.92915294776079
-9.269520364676655
-10.595653444420442
-11.906593691533262
-13.201595113074834
-14.480092423245718
-15.741673772392522
-16.986057421199423
-18.213071883208894
-19.422639136338887
-20.614760563462667
-21.78950532782688
-22.947000924085536
-24.087425672100974
-25.211002939953513
-26.317996896070543
-27.408709599170525
-28.483479239923298
-29.542679350966388
-30.586718803302233
-31.61604240820769
-32.631131945586006
-33.63250744296707
-34.62072853463465
-35.59639573781421
-36.56015149230276
-37.51268082079453
-38.454711478541554
-39.38701347171105
-40.310397832533255
-41.225714544727055
-42.13384951352478
-43.035720469940195
-43.932271688183675
-44.82446737829956
-45.71328359379393
-46.59969846760351
-47.48468056148274
-48.369175087057876
-49.25408773595213
-50.14026584751993
-51.028476653507674
-51.91938237888714
-52.813512058542486
-53.71123006337074
-54.61270153044318
-55.51785517328115
-56.42634432000768
-57.337507492301285
-58.25033038802595
-59.16341173856079
-60.07493612735109
-60.98265739883391
-61.883896645727354
-62.77555880171253
-63.65417144067946
-64.5159483671751
-65.35687890881765
-66.17284152748275
-66.95973763046027
-67.71363861762136
-68.43093670280011
-69.10848840086364
-69.74373920972658
-70.33481917492598
-70.88060164842832
-71.38072127694731
-71.8355514711593
-72.24614561210512
-72.61414941589707
-72.94169379036252
-73.231278051095
-73.48565266365898
-73.70770907685083
-73.90038212198287
-74.06656826665225
-74.2090610303064
-74.3305032774086
-74.43335497422405
-74.51987431275457
-74.59210980183367
-74.65190090859454
-74.70088500955275
-74.74050869747416
-74.772041824179
-74.79659299556364
-74.81512554523702
-74.82847328229838
-74.83735553142287
-74.84239116024047
-74.84411142423808
-74.84297155903708
-74.83936112030774
-74.83361311889466
-74.82601202836595
-74.81680075873365
-74.80618669722732
-74.79434691764342
-74.78143265615739
-74.76757314521795
-74.75287888943485
-74.73744445905308
-74.72135086824477
-74.70466759740543
-74.68745431113419
-74.66976231672305
-74.6516358018238
-74.63311288450213
-74.61422650409587
-74.5950051771205
-74.5754736388539
-74.55565338812445
-74.5355631501632
-74.5152192701062
-74.49463604779723
-74.47382602289555
-74.45280021789901
-74.43156834551212
-74.41013898579027
-74.38851973764818
-74.36671734860847
-74.34473782606582
-74.32258653283542
-74.30026826932708
-74.27778734432614
-74.25514763605825
-74.2323526449587
-74.20940553935094
-74.18630919505603
-74.16306622980056
-74.13967903316062
-74.1161497926689
-74.09248051661923
-74.06867305402353
-74.04472911211009
-74.02065027169472
-73.99643800070893
-73.97209366612817
-73.9476185445086
-73.92301383131165
-73.8982806491701
-73.87342005522851
-73.84843304767222
-73.8233205715438
-73.79808352393252
-73.77272275861074
-73.74723909018184
-73.7216332977954
-73.69590612847854
-73.67005830012583
-73.64409050418524
-73.61800340807247
-73.59179765734237
-73.56547387764277
-73.53903267647271
-73.51247464476471
-73.48580035830852
-73.45901037903162
-73.43210525615004
-73.4050855272018
-73.3779517189737
-73.3507043483311
-73.3233439229594
-73.29587094202486
-73.26828589676197
-73.24058927099324
-73.2127815415874
-73.18486317886094
-73.1568346469275
-73.12869640399953
-73.10044890264562
-73.0720925900074
-73.04362790797857
-73.01505529334933
-72.98637517791855
-72.95758798857608
-72.92869414735745
-72.89969407147265
-72.87058817331109
-72.84137686042412
-72.81206053548681
-72.78263959624016
-72.75311443541518
-72.72348544063993
-72.69375299433044
-72.66391747356668
-72.63397924995442
-72.60393868947367
-72.57379615231453
-72.54355199270128
-72.51320655870502
-72.48276019204572
-72.45221322788403
-72.4215659946035
-72.39081881358341
-72.35997199896285
-72.32902585739625
-72.29798068780075
-72.26683678109573
-72.23559441993476
-72.20425387843007
-72.17281542187003
-72.14127930642954
-72.10964577887371
-72.07791507625488
-72.04608742560302
-72.01416304360983
-71.98214213630641
-71.95002489873465
-71.91781151461247
-71.8855021559927
-71.85309698291591
-71.820596143057
-71.78799977136552
-71.75530798969977
-71.72252090645465
-71.68963861618306
-71.65666119921092
-71.62358872124558
-71.59042123297769
-71.55715876967616
-71.52380135077637
-71.49034897946112
-71.45680164223455
-71.42315930848855
-71.38942193006156
-71.35558944078956
-71.32166175604902
-71.28763877229163
-71.2535203665703
-71.21930639605652
-71.18499669754854
-71.15059108697005
-71.11608935885923
-71.08149128584758
-71.04679661812837
-71.0120050829142
-70.97711638388327
-70.94213020061402
-70.9070461880076
-70.87186397569779
-70.83658316744774
-70.80120334053315
-70.7657240451113
-70.73014480357531
-70.69446510989313
-70.6586844289305
-70.6228021957574
-70.58681781493718
-70.55073065979762
-70.51454007168334
-70.47824535918856
-70.4418457973696
-70.40534062693604
-70.36872905341987
-70.33201024632146
-70.29518333823152
-70.258247423928
-70.22120155944671
-70.18404476112481
-70.14677600461559
-70.1093942238737
