0.2178458378588516
0.4320703081293794
0.6427114434496607
0.8498057554229315
1.0533883848077301
1.2534931974307146
1.4501528620980078
1.6433989209566997
1.833261855528436
2.0197711495455315
2.202955349082928
2.3828421202664853
2.5594583047546933
2.7328299731499825
2.9029824764707106
3.069940495796895
3.2337280901886305
3.394368742964535
3.5518854064177856
3.7063005450389297
3.857636177307363
4.005913916106994
4.1511550078159445
4.293380370115089
4.432610628555726
4.568866151922564
4.702167086424524
4.832533388742481
4.9599848579600225
5.084541166400479
5.206221889390941
5.325046533971652
5.441034566567021
5.554205439632553
5.664578617290257
5.77217359996346
5.877009948020523
5.979107304435656
6.078485416473866
6.1751641564060336
6.269163541259248
6.360503751606698
6.449205149400803
6.535288294852689
6.6187739623606845
6.699683155490164
6.778037121006842
6.853857361965469
6.92716564985584
6.997984035808069
7.066334860859222
7.132240765283594
7.195724696989258
7.256809918983833
7.315520015912926
7.371878899675186
7.425910814118512
7.477640338822641
7.52709239197401
7.574292232339625
7.619265460347449
7.662038018281758
7.702636189602801
7.741086597401101
7.777416201997752
7.811652297703091
7.8438225087472295
7.873954784397012
7.902077393275101
7.928218916898027
7.952408242451174
7.974674554819841
7.995047327896658
8.013556315186772
8.030231539733371
8.04510328338719
8.058202075444761
8.069558680681215
8.079204086804474
8.087169491358623
8.09348628810525
8.098186052912363
8.101300529181348
8.102861612843235
8.102901336956172
8.101451855936705
8.098545429457984
8.094214406048504
8.088491206425426
8.081408306596762
8.072998220767053
8.063293484081203
8.052326635241265
8.040130199030893
8.02673666878209
8.012178488818625
7.996488036910193
7.979697606771019
7.96183939063608
7.942945461947577
7.923047758183595
7.902178063860187
7.880367993737241
7.857648976257657
7.834052237248318
7.809608783910352
7.784349389125059
7.758304576100707
7.731504603384191
7.703979450260294
7.675758802559952
7.646872038897599
7.6173482173562785
7.587216062637804
7.556503953693808
7.525239911852098
7.493451589451257
7.461166258994983
7.428410802836201
7.395211703399518
7.361595033949174
7.327586449908178
7.2932111807329765
7.258494022346542
7.223459330131514
7.188131012483632
7.152532524924478
7.116686864771286
7.080616566360396
7.0443436968197775
7.0078898523849835
6.971276155251808
6.93452325095798
6.897651306285266
6.860680007672492
6.823628560129169
6.786515686638654
6.749359628039079
6.712178143369626
6.674988510669163
6.637807528213699
6.600651516178694
6.563536318711792
6.526477306401247
6.489489379124954
6.452586969264796
6.415784045270784
6.379094115559351
6.342530232730022
6.306104998084666
6.269830566433497
6.23371865117204
6.197780529613333
6.162027048559748
6.126468630098983
6.0911152776088855
6.055976581956069
6.021061727873424
5.986379500501957
5.95193829208263
5.917746108784222
5.883810577653501
5.850138953674408
5.816738126923264
5.783614629807399
5.750774644374998
5.718224009684337
5.685968229221003
5.654012478352078
5.622361611806714
5.591020171172912
5.559992392400758
5.529282213302798
5.498893281042614
5.468828959603145
5.43909233722665
5.40968623381867
5.380613208308725
5.351875565960898
5.323475365627849
5.2954144269421946
5.267694337439565
5.240316459608024
5.213281937858904
5.186591705414466
5.160246491108132
5.134246826093369
5.108593050457656
5.083285319738238
5.058323611336713
5.033707730829775
5.009437318173705
4.985511853800515
4.961930664603861
4.938692929813126
4.915797686754309
4.8932438364965645
4.87103014938348
4.849155270448376
4.8276177247131065
4.806415922370034
4.785548163847028
4.765012644755502
4.744807460721658
4.724930612101275
4.705380008578496
4.6861534736492105
4.667248748989754
4.64866349871176
4.630395313504103
4.612441714662969
4.594800158011197
4.577468037708094
4.560442689951028
4.543721396570165
4.527301388517775
4.511179849253599
4.495353918027827
4.479820693063265
4.464577234638333
4.449620568072565
4.434947686616304
4.420555554246331
4.406441108369183
4.392601262433924
4.379032908456172
4.365732919455167
4.352698151805709
4.339925447506763
4.3274116363685655
4.3151535381200326
4.303147964438299
4.2913917209021895
4.279881608871421
4.268614427293335
4.257586974438924
4.246796049569934
4.236238454538774
4.225910995322985
4.215810483495954
4.205933737635596
4.196277584672652
4.186838861180266
4.177614414606461
4.168601104451124
4.159795803389063
4.151195398340707
4.142796791491961
4.134596901264716
4.126592663239501
4.118781031031695
4.111158977122742
4.103723493647751
4.096471593140824
4.089400309239477
4.08250669734943
4.075787835271052
4.069240823788721
4.062862787224295
4.056650873955904
4.050602256903227
4.044714133980371
4.038983728517479
4.03340828965215
4.027985092691702
4.022711439447331
4.017584658541157
4.0126021056871215
4.007761163946705
4.003059243960371
3.998493784155653
3.99406225093273
3.989762138828377
3.985590970659087
3.9815462976441816
3.977625699509685
3.973826784573725
3.9701471898141842
3.96658458091933
3.9631366523221043
3.9598011272187494
3.956575757572422
3.9534583241024257
3.9504466362596737
3.947538532188979
3.944731878678738
3.942024571098579
3.9394145333254955
3.936899717659005
3.9344781047258253
3.932147703374564
3.9299065505608914
3.9277527112236537
3.92568427815237
3.9236993718465407
3.9217961403671797
3.9199727591809688
3.9182274309974217
3.9165583855994295
3.9149638796675466
3.913442196598365
3.9119916463173108
3.9106105650861887
3.9092973153057837
3.9080502853138226
3.9068678891785837
3.905748566488437
3.9046907821375823
3.9036930261082428
3.9027538132495723
3.9018716830535047
3.9010451994277906
3.900272950466434
3.8995535482177512
3.8988856284502513
3.8982678504165476
3.897698896615479
3.897177472552634
3.8967023064994515
3.896272149251066
3.895885773883062
3.8955419755072946
3.8952395710269268
3.894977398890823
3.8947543188474456
3.894569211698378
3.894420979051609
3.8943085430746933
3.894230846247913
3.8941868511175417
3.8941755400493285
3.8941959149822956
3.8942469971829543
3.8943278270000277
3.8944374636197705
3.8945749848219755
3.894739486736741
3.8949300836020853
3.8951459075224713
3.8953861082283257
3.895649852836607
3.8959363256124933
3.896244727732252
3.896574277047342
3.89692420784981
3.897293770639031
3.897682231889841
3.8980888738221107
3.898512994171801
3.8989539059635483
3.89941093728481
3.899883431061617
3.9003707448359624
3.900872250544857
3.901387334301092
3.9019153961757262
3.9024558499823345
3.903008123063036
3.9035716560763287
3.904145902786753
3.904730329856402
3.905324416638298
3.9059276549716535
3.906539548979032
3.9071596148654213
3.907787380719234
3.908422386315247
3.9090641829194914
3.9097123330960972
3.9103664105161076
3.9110259997682655
3.9116906961717803
3.91236010559108
3.9130338442525496
3.9137115385632657
3.91439282493172
3.915077349590543
3.91576476842122
3.9164547467808064
3.9171469593306356
3.9178410898670197
3.9185368311539417
3.9192338847577357
3.9199319608837495
3.920630778214988
3.92133006375273
3.922029552659114
3.922728988101687
3.92342812109991
3.9241267103736126
3.9248245221933873
3.92552133023292
3.926216915423244
3.926911065808912
3.9276035764060717
3.928294249062442
3.928982892319176
3.9296693212745986
3.930353357449814
3.931034828656166
3.9317135688645424
3.9323894180765135
3.933062222197291
3.9337318329104924
3.9343981075547068
3.9350609090018396
3.935720105537232
3.936375570741536
3.9370271833743344
3.9376748272594924
3.9383183911722286
3.9389577687278896
3.9395928582724125
3.9402235627744675
3.9408497897192616
3.9414714510039888
3.942088462834916
3.942700745626089
3.9433082238996406
3.94391082618769
3.9445084849358203
3.945101136408112
3.9456887205937274
3.946271181115022
3.946848465137174
3.947420523279314
3.947987309527142
3.948548781147013
3.9491048986014805
3.94965562546628
3.9502009283487376
3.9507407768075895
3.951275143274196
3.9518040029751376
3.9523273338561724
3.9528451165075467
3.953357334090638
3.9538639722659186
3.9543650191222235
3.954860465107306
3.95535030295967
3.955834527641659
3.956313136273792
3.9567861280703247
3.9572535042760304
3.957715268104175
3.958171424675681
3.9586219809594576
3.9590669457138894
3.9595063294294643
3.959940144272526
3.960368404030141
3.9607911240560587
3.961208321217759
3.961620013844563
3.9620262216768025
3.9624269658160247
3.962822268676228
3.9632121539361047
3.963596646492285
3.9639757724135625
3.9643495588960924
3.964718034219545
3.965081227704201
3.9654391696689792
3.9657918913903787
3.9661394250623228
3.966481803756894
3.966819061385946
3.9671512326635794
3.9674783530694624
3.9678004588129983
3.9681175867983116
3.968429774590047
3.9687370603799725
3.9690394829543627
3.969337081662165
3.969629896383923
3.9699179675014533
3.9702013358682615
3.9704800427806823
3.9707541299497384
3.9710236394736995
3.971288613811336
3.9715490957558512
3.9718051284094837
3.9720567551587678
3.9723040196504384
3.9725469657679753
3.972785637608769
3.9730200794619033
3.973250335786539
3.973476451190892
3.9736984704117924
3.9739164382948164
3.974130399774981
3.974340399857988
3.974546483602011
3.974748696100016
3.9749470824625996
3.9751416878013437
3.9753325572126705
3.9755197357621928
3.9757032684695455
3.975883200293695
3.976059576118712
3.9762324407400023
3.976401838850984
3.976567815030206
3.9767304137288946
3.9768896792589215
3.977045655781189
3.977198387294415
3.9773479176243196
3.977494290413195
3.9776375491098617
3.9777777369599936
3.977914896996809
3.97804907203212
3.9781803046477298
3.978308637187172
3.9784341117477875
3.9785567701731246
3.9786766540456635
3.9787938046798517
3.9789082631154455
3.979020070111152
3.979129266138565
3.979235891376381
3.9793399857049034
3.979441588700813
3.9795407396322062
3.979637477453896
3.979731840802964
3.9798238679945634
3.9799135970179615
3.9800010655328197
3.980086310865703
3.980169370006816
3.9802502796069548
3.9803290759746752
3.9804057950736684
3.980480472520338
3.9805531435815755
3.980623843172729
3.980692605855757
3.9807594658375667
3.9808244569685276
3.9808876127411588
3.980948966288984
3.98100855038555
3.9810663974436014
3.9811225395144128
3.9811770082872675
3.981229835089084
3.9812810508841823
3.9813306862741857
3.981378771498059
3.981425336432271
3.9814704105910868
3.9815140231269748
3.981556202831138
3.9815969781341516
3.9816363771067165
3.981674427460514
3.9817111565491663
3.9817465913692947
3.981780758561675
3.981813684412483
3.9818453948546324
3.981875915469195
3.9819052714869083
3.981933487789758
3.9819605889126435
3.9819865990451104
3.982011542033161
3.982035441381127
3.9820583202536133
3.9820802014775003
3.9821011075440094
3.982121060610825
3.982140082504272
3.982158194721546
3.9821754184329934
3.9821917744844413
3.9822072833995708
3.982221965382336
3.9822358403194222
3.9822489277827455
3.9822612470319876
3.9822728170171673
3.9822836563812434
3.982293783462751
3.982303216298464
3.9823119726260887
3.9823200698869803
3.9823275252288837
3.982334355508698
3.9823405772952594
3.982346206872145
3.9823512602404922
3.9823557531218357
3.982359700960956
3.982363118928745
3.9823660219250776
3.982368424581699
3.9823703412651152
3.9823717860794967
3.982372772869583
3.9823733152235943
3.9823734264761486
3.982373119711178
3.9823724077648484
3.9823713032284798
3.982369818451464
3.9823679655441846
3.982365756380927
3.9823632026027926
3.9823603156206047
3.982357106617807
3.98235358655336
3.982349766164626
3.9823456559702493
3.9823412662730253
3.982336607162761
3.982331688519125
3.9823265200144866
3.9823211111167414
3.9823154710921282
3.982309609008029
3.982303533735758
3.982297253953334
3.9822907781482395
3.9822841146201653
3.982277271483737
3.982270256671227
3.982263077935249
3.9822557428514336
3.982248258821089
3.9822406330738414
3.9822328726702594
3.982224984504455
3.982216975306669
3.9822088516458365
3.982200619932131
3.9821922864194894
3.982183857208114
3.982175338246958
3.982166735336185
3.982158054129613
3.982149300137129
3.98214047872709
3.9821315951286964
3.982122654434345
3.9821136616019595
3.9821046214573004
3.9820955386962478
3.982086417887066
3.9820772634726436
3.9820680797727084
3.9820588709860227
3.982049641192553
3.982040394355617
3.9820311343240085
3.9820218648340964
3.9820125895119025
3.9820033118751548
3.981994035335318
3.9819847631995984
3.9819754986729285
3.981966244859926
3.9819570047668287
3.981947781303408
3.981938577284858
3.9819293954336596
3.981920238381424
3.9819111086707104
3.9819020087568227
3.98189294100958
3.981883907715067
3.98187491107736
3.981865953220229
3.981857036188818
3.9818481619513024
3.981839332400524
3.9818305493556014
3.9818218145635216
3.9818131297007042
3.981804496374549
3.9817959161249554
3.981787390425825
3.9817789206865406
3.9817705082534203
3.9817621544111548
3.981753860384221
3.981745627338274
3.981737456381517
3.981729348566053
3.981721304889213
3.9817133262948645
3.9817054136747
3.981697567869504
3.981689789670399
3.9816820798200747
3.9816744390139935
3.9816668679015788
3.9816593670873828
3.9816519371322343
3.9816445785543686
3.981637291830537
3.9816300773970994
3.9816229356510955
3.9816158669512998
3.9816088716192577
3.9816019499403024
3.9815951021645546
3.9815883285079066
3.9815816291529833
3.981575004250092
3.9815684539181517
3.9815619782456046
3.9815555772913145
3.9815492510854438
3.981542999630318
3.981536822901273
3.9815307208474833
3.9815246933927795
3.9815187404364454
3.9815128618540028
3.98150705749798
3.981501327198663
3.9814956707648372
3.9814900879845085
3.9814845786256123
3.9814791424367093
3.981473779147665
3.981468488470317
3.981463270099128
3.981458123711823
3.9814530489700166
3.9814480455198256
3.9814431129924666
3.9814382510048443
3.9814334591601246
3.9814287370482955
3.981424084246716
3.9814195003206536
3.981414984823808
3.981410537298825
3.9814061572777972
3.981401844282754
3.98139759782614
3.9813934174112826
3.981389302532848
3.981385252677288
3.9813812673232736
3.9813773459421213
3.9813734879982055
3.981369692949365
3.981365960247295
3.981362289337933
3.9813586796618337
3.9813551306545336
3.9813516417469077
3.981348212365516
3.981344841932941
3.9813415298681187
3.981338275586656
3.9813350785011457
3.9813319380214662
3.98132885355508
3.981325824507319
3.9813228502816633
3.9813199302800135
3.981317063902953
3.981314250550005
3.9813114896198805
3.9813087805107195
3.9813061226203255
3.9813035153463923
3.9813009580867242
3.9812984502394504
3.9812959912032295
3.981293580377453
3.981291217162438
3.9812889009596133
3.981286631171704
3.9812844072029057
3.981282228459053
3.981280094347787
3.981278004278709
3.981275957663538
3.981273953916255
3.981271992453247
3.9812700726934422
3.9812681940584436
3.981266355972654
3.981264557863401
3.9812627991610503
3.9812610792991214
3.981259397714394
3.981257753847012
3.9812561471405834
3.9812545770422734
3.981253043002897
3.981251544477005
3.9812500809229667
3.9812486518030483
3.9812472565834884
3.9812458947345686
3.9812445657306825
3.981243269050398
3.9812420041765195
3.981240770596145
3.981239567800718
3.9812383952860815
3.981237252552524
3.981236139104823
3.981235054452289
3.9812339981088027
3.981232969592851
3.98123196842756
3.981230994140727
3.9812300462648462
3.981229124337135
3.981228227899558
3.981227356498845
3.981226509686511
3.9812256870188714
3.981224888057055
3.981224112367017
3.9812233595195474
3.981222629090278
3.981221920659688
3.981221233813109
3.9812205681407242
3.98121992323757
3.9812192987035324
3.9812186941433456
3.9812181091665853
3.981217543387662
3.981216996425813
3.981216467905092
3.981215957454358
3.9812154647072644
3.9812149893022415
3.9812145308824847
3.9812140890959355
3.981213663595265
3.981213254037854
3.9812128600857752
3.981212481405769
3.9812121176692234
3.9812117685521495
3.9812114337351594
3.981211112903439
3.981210805746724
3.9812105119592704
3.9812102312398308
3.9812099632916227
3.9812097078223
3.9812094645439253
3.981209233172937
3.9812090134301195
3.98120880504057
3.981208607733668
3.9812084212430414
3.981208245306533
3.981208079666167
3.9812079240681144
3.9812077782626574
3.9812076420041556
3.9812075150510093
3.9812073971656243
3.981207288114374
3.981207187667564
3.9812070955993955
3.981207011687926
3.9812069357150346
3.981206867466381
3.981206806731371
3.9812067533031144
3.981206706978391
3.981206667557609
3.981206634844767
3.9812066086474154
3.9812065887766193
3.981206575046916
3.981206567276279
3.981206565286078
3.9812065689010394
3.981206577949208
3.981206592261907
3.9812066116737
3.9812066360223506
3.9812066651487847
3.981206698897051
3.9812067371142814
3.981206779650653
3.9812068263593496
3.981206877096522
3.9812069317212497
3.9812069900955036
3.9812070520841063
3.9812071175546944
3.9812071863776812
3.9812072584262177
3.9812073335761555
3.9812074117060092
3.9812074926969196
3.9812075764326154
3.9812076627993767
3.981207751685999
3.9812078429837565
3.981207936586365
3.9812080323899455
3.9812081302929903
3.981208230196325
3.9812083320030762
3.981208435618633
3.9812085409506137
3.981208647908832
3.981208756405261
3.9812088663540006
3.9812089776712423
3.981209090275237
3.9812092040862606
3.9812093190265827
3.981209435020432
3.9812095519939645
3.9812096698752324
3.9812097885941515
3.981209908082469
3.981210028273734
3.9812101491032648
3.9812102705081194
3.981210392427065
3.9812105148005483
3.981210637570665
3.9812107606811313
3.9812108840772544
3.9812110077059035
3.9812111315154817
3.9812112554558983
3.98121137947854
3.9812115035362448
3.981211627583272
3.98121175157528
3.981211875469295
3.981211999223688
3.981212122798147
3.9812122461536528
3.9812123692524524
3.9812124920580345
3.9812126145351057
3.981212736649565
3.981212858368481
3.9812129796600657
3.981213100493654
3.9812132208396798
3.9812133406696515
3.981213459956131
3.981213578672712
3.9812136967939966
3.9812138142955753
3.9812139311540045
3.9812140473467856
3.9812141628523454
3.9812142776500146
3.9812143917200076
3.981214505043404
3.981214617602128
3.9812147293789297
3.9812148403573655
3.98121495052178
3.981215059857288
3.9812151683497556
3.981215275985783
3.981215382752686
3.981215488638481
3.9812155936318647
3.981215697722201
3.981215800899502
3.9812159031544128
3.981216004478195
3.9812161048627126
3.9812162043004142
3.98121630278432
3.9812164003080066
3.9812164968655908
3.9812165924517173
3.9812166870615435
3.9812167806907253
3.9812168733354043
3.9812169649921945
3.9812170556581683
3.981217145330844
3.9812172340081724
3.981217321688527
3.981217408370688
3.981217494053833
3.981217578737524
3.981217662421697
3.981217745106649
3.981217826793028
3.981217907481822
3.9812179871743485
3.981218065872243
3.981218143577449
3.98121822029221
3.9812182960190556
3.9812183707607955
3.9812184445205085
3.9812185173015333
3.981218589107459
3.981218659942116
3.98121872980957
3.9812187987141083
3.9812188666602366
3.9812189336526673
3.9812189996963134
3.98121906479628
3.9812191289578567
3.9812191921865088
3.9812192544878724
3.981219315867745
3.9812193763320805
3.98121943588698
3.9812194945386876
3.9812195522935814
3.9812196091581686
3.9812196651390788
3.9812197202430584
3.9812197744769637
3.981219827847756
3.981219880362495
3.9812199320283344
3.9812199828525143
3.981220032842359
3.9812200820052697
3.98122013034872
3.981220177880251
3.9812202246074664
3.9812202705380284
3.981220315679653
3.9812203600401044
3.9812204036271925
3.981220446448768
3.981220488512718
3.9812205298269614
3.981220570399447
3.9812206102381493
3.9812206493510627
3.9812206877462004
3.98122072543159
3.98122076241527
3.9812207987052872
3.9812208343096933
3.9812208692365414
3.9812209034938832
3.981220937089767
3.9812209700322336
3.9812210023293146
3.9812210339890295
3.981221065019383
3.9812210954283627
3.981221125223937
3.9812211544140528
3.981221183006632
3.9812212110095717
3.98122123843074
3.981221265277976
3.9812212915590854
3.981221317281841
3.9812213424539795
3.9812213670832013
3.981221391177167
3.981221414743496
3.981221437789768
3.981221460323517
3.9812214823522334
3.981221503883361
3.9812215249242957
3.9812215454823856
3.9812215655649283
3.981221585179171
3.9812216043323083
3.981221623031482
3.98122164128378
3.9812216590962355
3.9812216764758257
3.9812216934294713
3.9812217099640357
3.981221726086324
3.981221741803083
3.9812217571210002
3.9812217720467022
3.9812217865867563
3.981221800747668
3.981221814535881
3.981221827957778
3.9812218410196785
3.981221853727839
3.981221866088454
3.9812218781076534
3.9812218897915037
3.981221901146008
3.981221912177105
3.9812219228906685
3.9812219332925083
3.9812219433883698
3.9812219531839332
3.9812219626848138
3.981221971896562
3.9812219808246643
3.981221989474541
3.9812219978515486
3.981222005960978
3.9812220138080563
3.9812220213979446
3.9812220287357407
3.981222035826477
3.981222042675123
3.981222049286582
3.981222055665696
3.9812220618172405
3.98122206774593
3.981222073456414
3.9812220789532797
3.9812220842410517
3.981222089324192
3.9812220942071
3.9812220988941145
3.981222103389511
3.9812221076975054
3.9812221118222517
3.9812221157678436
3.9812221195383146
3.9812221231376395
3.9812221265697323
3.9812221298384487
3.981222132947586
3.9812221359008833
3.9812221387020212
3.9812221413546243
3.9812221438622593
3.9812221462284367
3.9812221484566117
3.9812221505501832
3.981222152512496
3.9812221543468387
3.9812221560564476
3.981222157644505
3.981222159114139
3.9812221604684264
3.9812221617103916
3.981222162843007
3.9812221638691936
3.9812221647918222
3.981222165613714
3.98122216633764
3.9812221669663215
3.981222167502432
3.9812221679485975
3.9812221683073954
3.9812221685813567
3.9812221687729656
3.9812221688846603
3.9812221689188334
3.9812221688778333
3.981222168763963
3.981222168579482
3.981222168326607
3.9812221680075113
3.981222167624326
3.9812221671791397
3.981222166674001
3.9812221661109173
3.9812221654918547
3.981222164818741
3.9812221640934644
3.9812221633178737
3.98122216249378
3.981222161622957
3.981222160707141
3.981222159748032
3.981222158747293
3.9812221577065516
3.9812221566274006
3.9812221555113982
3.9812221543600685
3.9812221531749015
3.9812221519573536
3.981222150708849
3.981222149430781
3.981222148124509
3.981222146791362
3.9812221454326386
3.9812221440496067
3.981222142643504
3.9812221412155395
3.7344871950934855
3.49420381744785
3.260254243232814
3.0325202376016387
2.8108830315298277
2.595223444148083
2.3854220737963234
2.181359506105005
1.98291651788714
1.7899742689598481
1.6024144795512603
1.420119593103229
1.2429729250374577
1.0708587982639428
0.9036626662252051
0.7412712242238261
0.5835725097240623
0.43045599226687026
0.28181265359523155
0.13753505855270523
-0.002482582709045167
-0.1383443607002006
-0.27015262024543946
-0.3980079213411256
-0.5220090067542441
-0.6422527759151211
-0.7588342646707218
-0.8718466304802733
-0.9813811426502914
-1.0875271772218456
-1.1903722161390646
-1.2900018503444117
-1.3864997864630355
-1.4799478567554374
-1.5704260320346575
-1.6580124372610678
-1.7427833695445458
-1.8248133183002115
-1.9041749873199312
-1.9809393185373674
-2.0551755172794235
-2.1269510788114303
-2.1963318159973384
-2.263381887909464
-2.328163829234989
-2.39073858033842
-2.4511655178505736
-2.5095024856653745
-2.5658058262358407
-2.620130412070112
-2.6725296773372507
-2.723055649500859
-2.771758980906293
-2.818688980254487
-2.8638936439021156
-2.907419686934047
-2.949312573959842
-2.989616549591379
-3.028374668563655
-3.0656288254653554
-3.1014197840500035
-3.1357872061023646
-3.1687696798383294
-3.200404747819767
-3.2307289343688206
-3.259777772468844
-3.2875858301416754
-3.3141867362932054
-3.3396132060212693
-3.3638970653817575
-3.3870692756105414
-3.4091599568003375
-3.430198411033024
-3.45021314496915
-3.469231891897509
-3.4872816332486187
-3.5043886195768623
-3.520578391016794
-3.535875797219836
-3.5503050167781747
-3.563889576143209
-3.5766523680463393
-3.5886156694303035
-3.5998011588995675
-3.6102299336985797
-3.619922526226909
-3.628898920100474
-3.637178565768213
-3.6447803956936444
-3.651722839110836
-3.658023836364348
-3.6637008528427217
-3.668770892515066
-3.6732505110802793
-3.677155828738364
-3.6805025425932474
-3.683305938696405
-3.6855809037405094
-3.687341936412196
-3.6886031584129197
-3.6893783251567402
-3.6896808361537428
-3.6895237450876404
-3.6889197695959566
-3.6878813007610325
-3.6864204123199333
-3.684548869601174
-3.6822781381960055
-3.6796193923718428
-3.6765835232352457
-3.6731811466516864
-3.6694226109291743
-3.665318004272638
-3.660877162015789
-3.6561096736370344
-3.651024889565827
-3.6456319277856832
-3.6399396802399426
-3.6339568190461615
-3.6276918025249003
-3.6211528810484865
-3.614348102715195
-3.6072853188541307
-3.5999721893659506
-3.5924161879044227
-3.5846246069036662
-3.5766045624557914
-3.568362999043508
-3.559906694132152
-3.551242262625434
-3.542376161189104
-3.533314692446585
-3.524064009050522
-3.5146301176340655
-3.505018882645596
-3.495236030070489
-3.485287151043405
-3.4751777053544806
-3.4649130248527076
-3.454498316749667
-3.443938666826704
-3.4332390425485246
-3.422404296086111
-3.4114391672517494
-3.400348286348898
-3.3891361769395165
-3.3778072585314116
-3.3663658491880675
-3.3548161680633526
-3.343162337863422
-3.331408387238059
-3.319558253103632
-3.3076157828997714
-3.2955847367818074
-3.283468789750945
-3.2712715337240867
-3.2589964795451607
-3.2466470589397454
-3.234226626414729
-3.2217384611046893
-3.2091857685666216
-3.1965716825245933
-3.183899266565855
-3.171171515789886
-3.1583913584118117
-3.1455616573215748
-3.132685211600211
-3.1197647579945267
-3.1068029723514403
-3.093802471013209
-3.080765812174723
-3.0676954972040074
-3.054593971927051
-3.041463627878024
-3.0283068035159317
-3.015125785408709
-3.001922809385734
-2.988700061659699
-2.9754596799187603
-2.962203754389852
-2.9489343288740173
-2.935653401754596
-2.9223629269790683
-2.909064815015337
-2.895760933783203
-2.88245310956177
-2.8691431278734814
-2.855832734345481
-2.842523635548961
-2.8292174998171475
-2.815915958042538
-2.802620604454007
-2.7893329973743604
-2.77605465995891
-2.762787080915616
-2.7495317152073353
-2.736289984736689
-2.7230632790140534
-2.7098529558091604
-2.6966603417867745
-2.6834867331269083
-2.6703333961300153
-2.657201567807591
-2.6440924564585937
-2.631007242232098
-2.6179470776765568
-2.604913088276068
-2.5919063729739964
-2.578928004684319
-2.5659790307910346
-2.553060473635971
-2.5401733309953176
-2.5273185765451953
-2.514497160316573
-2.5017100091398214
-2.4889580270791973
-2.4762420958575304
-2.4635630752713897
-2.4509218035969873
-2.4383190979870735
-2.4257557548590722
-2.4132325502746954
-2.4007502403112664
-2.388309561424982
-2.3759112308063255
-2.3635559467278484
-2.351244388884524
-2.338977218726873
-2.326755079787053
-2.314578597998104
-2.302448382006529
-2.290365023478387
-2.278329097399072
-2.2663411623669445
-2.2544017608809757
-2.242511419622564
-2.230670649731675
-2.2188799470774523
-2.2071397925234453
-2.195450652187594
-2.1838129776971003
-2.1722272064383286
-2.1606937618018502
-2.149213053422768
-2.137785477416433
-2.1264114166096744
-2.115091240767656
-2.1038253068164696
-2.092613959061571
-2.081457529402164
-2.0703563375416354
-2.0593106911941335
-2.048320886287395
-2.0373872071619017
-2.0265099267664675
-2.0156893068503354
-2.0049255981518748
-1.9942190405839588
-1.9835698634161028
-1.9729782854534412
-1.9624445152126213
-1.9519687510946828
-1.9415511815549997
-1.9311919852703503
-1.9208913313031852
-1.9106493792631576
-1.9004662794659803
-1.8903421730896715
-1.8802771923282486
-1.8702714605429314
-1.860325092410907
-1.8504381940717167
-1.8406108632713158
-1.8308431895038584
-1.8211352541512595
-1.8114871306205838
-1.801898884479307
-1.792370573588499
-1.7829022482339734
-1.7734939512554468
-1.7641457181737519
-1.7548575773161437
-1.7456295499397445
-1.7364616503531607
-1.7273538860363147
-1.7183062577585269
-1.7093187596948838
-1.70039137954093
-1.6915240986257145
-1.6827168920232283
-1.6739697286622632
-1.6652825714347252
-1.6566553773024308
-1.648088097402419
-1.639580677150806
-1.6311330563452104
-1.6227451692657793
-1.614416944774837
-1.606148306415189
-1.5979391725070982
-1.5897894562439672
-1.581699065786742
-1.5736679043570667
-1.5656958703292074
-1.5577828573207713
-1.5499287542822384
-1.54213344558533
-1.5343968111102313
-1.5267187263316921
-1.519099062404019
-1.5115376862449819
-1.5040344606186533
-1.4965892442171955
-1.4892018917416134
-1.4818722539814924
-1.4746001778937339
-1.4673855066803072
-1.4602280798650322
-1.4531277333694068
-1.446084299587496
-1.4390976074598951
-1.432167482546782
-1.4252937471000713
-1.418476220134683
-1.4117147174989417
-1.405009051944114
-1.3983590331931002
-1.3917644680082897
-1.3852251602585939
-1.3787409109856656
-1.372311518469318
-1.365936778292151
-1.3596164834033997
-1.3533504241820105
-1.347138388498958
-1.3409801617788117
-1.33487552706056
-1.3288242650577031
-1.322826154217624
-1.3168809707802425
-1.3109884888359655
-1.30514848038294
-1.299360715383615
-1.2936249618206237
-1.287940985751991
-1.282308551365676
-1.2767274210334545
-1.2711973553641513
-1.2657181132562276
-1.26028945194973
-1.2549111270776103
-1.2495828927164196
-1.244304501436386
-1.23907570435088
-1.233896251165275
-1.2287658902252077
-1.223684368564247
-1.2186514319509727
-1.2136668249354752
-1.2087302908952764
-1.2038415720806817
-1.1990004096595643
-1.1942065437615912
-1.1894597135218925
-1.1847596571241816
-1.1801061118433296
-1.1754988140873983
-1.17093749943914
-1.166421902696963
-1.161951757915375
-1.1575267984448996
-1.1531467569714795
-1.1488113655553642
-1.1445203556694903
-1.1402734582373557
-1.1360704036703955
-1.1319109219048593
-1.1277947424381982
-1.1237215943649617
-1.1196912064122115
-1.115703306974455
-1.1117576241481004
-1.107853885765441
-1.1039918194281684
-1.1001711525404219
-1.0963916123413744
-1.0926529259373612
-1.0889548203335533
-1.0852970224651792
-1.0816792592283004
-1.0781012575101405
-1.0745627442189747
-1.0710634463135813
-1.067603090832259
-1.0641814049214124
-1.0607981158637123
-1.0574529511058277
-1.0541456382857404
-1.0508759052596384
-1.047643480128397
-1.0444480912636465
-1.0412894673334325
-1.0381673373274694
-1.0350814305819922
-1.0320314768042098
-1.0290172060963605
-1.026038348979375
-1.023094636416149
-1.02018579983443
-1.0173115711493161
-1.0144716827853784
-1.0116658676984005
-1.0088938593967467
-1.006155391962354
-1.0034502000713572
-1.0007780190143463
-0.9981385847162604
-0.9955316337559204
-0.9929569033852041
-0.9904141315478665
-0.9879030568980063
-0.9854234188181854
-0.9829749574371996
-0.9805574136475073
-0.9781705291223155
-0.9758140463323295
-0.9734877085621665
-0.9711912599264362
-0.968924445385493
-0.9666870107608603
-0.9644787027503309
-0.9622992689427466
-0.9601484578324587
-0.9580260188334729
-0.9559317022932818
-0.9538652595063861
-0.9518264427275089
-0.949815005184506
-0.9478307010909728
-0.945873285658553
-0.9439425151089504
-0.9420381466856477
-0.9401599386653328
-0.9383076503690381
-0.9364810421729941
-0.9346798755191995
-0.9329039129257116
-0.9311529179966596
-0.929426655431982
-0.9277248910368936
-0.9260473917310819
-0.9243939255576372
-0.9227642616917194
-0.9211581704489625
-0.9195754232936209
-0.91801579284646
-0.9164790528923934
-0.9149649783878696
-0.9134733454680105
-0.9120039314535047
-0.910556514857258
-0.9091308753908043
-0.9077267939704791
-0.9063440527233576
-0.9049824349929613
-0.9036417253447346
-0.9023217095712953
-0.9010221746974598
-0.8997429089850469
-0.8984837019374632
-0.8972443443040706
-0.8960246280843411
-0.8948243465317994
-0.893643294157757
-0.8924812667348397
-0.8913380613003118
-0.8902134761591983
-0.8891073108872097
-0.8880193663334692
-0.8869494446230468
-0.8858973491593026
-0.8848628846260408
-0.8838458569894778
-0.8828460735000266
-0.8818633426938999
-0.8808974743945343
-0.8799482797138377
-0.879015571053264
-0.8780991621047152
-0.8771988678512741
-0.8763145045677718
-0.8754458898211891
-0.8745928424708975
-0.8737551826687394
-0.8729327318589519
-0.8721253127779354
-0.8713327494538693
-0.8705548672061786
-0.869791492644851
-0.86904245366961
-0.8683075794689433
-0.8675867005189912
-0.8668796485822954
-0.8661862567064115
-0.8655063592223875
-0.86483979174311
-0.8641863911615202
-0.8635459956487023
-0.8629184446518467
-0.86230357889209
-0.8617012403622324
-0.861111272324338
-0.8605335193072167
-0.8599678271037917
-0.8594140427683543
-0.8588720146137083
-0.8583415922082048
-0.857822626372672
-0.8573149691772388
-0.856818473938057
-0.8563329952139227
-0.8558583888027991
-0.8553945117382428
-0.8549412222857358
-0.854498379938924
-0.8540658454157661
-0.8536434806545933
-0.8532311488100812
-0.8528287142491384
-0.8524360425467106
-0.8520530004815033
-0.8516794560316268
-0.8513152783701605
-0.8509603378606447
-0.850614506052496
-0.8502776556763508
-0.8499496606393393
-0.8496303960202892
-0.8493197380648634
-0.8490175641806317
-0.8487237529320792
-0.8484381840355523
-0.8481607383541442
-0.8478912978925224
-0.8476297457916979
-0.84737596632374
-0.8471298448864362
-0.8468912679979005
-0.8466601232911303
-0.8464362995085141
-0.8462196864962914
-0.8460101751989672
-0.8458076576536799
-0.8456120269845279
-0.8454231773968522
-0.8452410041714811
-0.8450654036589332
-0.8448962732735851
-0.8447335114878012
-0.8445770178260295
-0.8444266928588641
-0.8442824381970744
-0.8441441564856047
-0.8440117513975436
-0.8438851276280654
-0.8437641908883443
-0.8436488478994428
-0.8435390063861761
-0.8434345750709528
-0.8433354636675936
-0.8432415828751292
-0.8431528443715786
-0.8430691608077084
-0.8429904458007753
-0.8429166139282522
-0.8428475807215389
-0.8427832626596584
-0.8427235771629414
-0.8426684425866974
-0.8426177782148759
-0.8425715042537181
-0.842529541825398
-0.8424918129616576
-0.8424582405974346
-0.8424287485644837
-0.8424032615849933
-0.8423817052651993
-0.8423640060889934
-0.8423500914115322
-0.8423398894528425
-0.8423333292914283
-0.8423303408578766
-0.8423308549284658
-0.8423348031187758
-0.8423421178773011
-0.8423527324790676
-0.8423665810192547
-0.842383598406822
-0.8424037203581429
-0.8424268833906445
-0.8424530248164555
-0.8424820827360626
-0.8425139960319762
-0.8425487043624049
-0.8425861481549421
-0.8426262686002627
-0.8426690076458312
-0.8427143079896241
-0.8427621130738637
-0.8428123670787663
-0.8428650149163049
-0.8429200022239869
-0.8429772753586466
-0.8430367813902552
-0.843098468095746
-0.8431622839528579
-0.8432281781339962
-0.843296100500112
-0.8433660015945998
-0.8434378326372152
-0.8435115455180119
-0.8435870927912991
-0.8436644276696196
-0.8437435040177496
-0.8438242763467193
-0.8439066998078562
-0.8439907301868508
-0.8440763238978451
-0.8441634379775449
-0.8442520300793547
-0.8443420584675384
-0.8444334820114029
-0.8445262601795075
-0.8446203530338979
-0.8447157212243667
-0.8448123259827381
-0.8449101291171811
-0.8450090930065467
-0.8451091805947339
-0.8452103553850822
-0.8453125814347905
-0.8454158233493655
-0.8455200462770964
-0.845625215903559
-0.8457312984461475
-0.8458382606486352
-0.8459460697757643
-0.8460546936078644
-0.8461641004355014
-0.8462742590541545
-0.8463851387589243
-0.8464967093392703
-0.8466089410737782
-0.8467218047249582
-0.8468352715340738
-0.8469493132160005
-0.8470639019541165
-0.847179010395223
-0.8472946116444968
-0.8474106792604736
-0.8475271872500628
-0.8476441100635934
-0.8477614225898924
-0.847879100151394
-0.847997118499281
-0.8481154538086585
-0.8482340826737583
-0.8483529821031773
-0.8484721295151464
-0.8485915027328322
-0.8487110799796714
-0.8488308398747366
-0.8489507614281357
-0.8490708240364425
-0.8491910074781605
-0.849311291909219
-0.8494316578585022
-0.84955208622341
-0.849672558265452
-0.8497930556058736
-0.8499135602213158
-0.8500340544395059
-0.8501545209349823
-0.8502749427248515
-0.8503953031645768
-0.850515585943801
-0.8506357750822006
-0.8507558549253729
-0.8508758101407559
-0.8509956257135798
-0.8511152869428519
-0.8512347794373734
-0.8513540891117884
-0.8514732021826661
-0.8515921051646135
-0.851710784866422
-0.851829228387246
-0.8519474231128115
-0.85206535671166
-0.8521830171314215
-0.8523003925951209
-0.8524174715975155
-0.8525342429014644
-0.8526506955343299
-0.8527668187844097
-0.852882602197401
-0.8529980355728958
-0.8531131089609078
-0.85322781265843
-0.8533421372060234
-0.8534560733844369
-0.8535696122112579
-0.8536827449375939
-0.8537954630447839
-0.8539077582411417
-0.8540196224587282
-0.8541310478501547
-0.8542420267854165
-0.8543525518487561
-0.8544626158355566
-0.8545722117492647
-0.8546813327983434
-0.8547899723932545
-0.8548981241434702
-0.855005781854514
-0.8551129395250309
-0.8552195913438861
-0.8553257316872936
-0.8554313551159725
-0.8555364563723317
-0.8556410303776845
-0.8557450722294899
-0.8558485771986228
-0.8559515407266723
-0.8560539584232671
-0.8561558260634297
-0.8562571395849568
-0.8563578950858284
-0.8564580888216435
-0.8565577172030827
-0.8566567767933979
-0.8567552643059293
-0.8568531766016476
-0.8569505106867248
-0.8570472637101288
-0.8571434329612465
-0.857239015867531
-0.8573340099921759
-0.8574284130318142
-0.8575222228142435
-0.8576154372961766
-0.8577080545610162
-0.8578000728166555
-0.8578914903933036
-0.8579823057413353
-0.8580725174291653
-0.8581621241411472
-0.8582511246754957
-0.8583395179422342
-0.858427302961165
-0.8585144788598639
-0.8586010448716979
-0.858687000333866
-0.8587723446854642
-0.8588570774655723
-0.8589411983113638
-0.8590247069562397
-0.8591076032279822
-0.8591898870469334
-0.8592715584241948
-0.8593526174598484
-0.8594330643412007
-0.8595128993410478
-0.8595921228159619
-0.8596707352045985
-0.8597487370260265
-0.8598261288780777
-0.8599029114357172
-0.8599790854494352
-0.8600546517436588
-0.860129611215184
-0.8602039648316282
-0.8602777136299019
-0.8603508587147014
-0.8604234012570201
-0.8604953424926792
-0.8605666837208789
-0.8606374263027672
-0.860707571660029
-0.8607771212734928
-0.8608460766817569
-0.8609144394798339
-0.8609822113178133
-0.861049393899542
-0.8611159889813239
-0.8611819983706359
-0.8612474239248623
-0.8613122675500469
-0.8613765311996622
-0.8614402168733952
-0.8615033266159515
-0.861565862515875
-0.8616278267043849
-0.8616892213542297
-0.8617500486785564
-0.8618103109297974
-0.8618700103985719
-0.8619291494126046
-0.8619877303356595
-0.8620457555664893
-0.8621032275378011
-0.8621601487152356
-0.8622165215963636
-0.8622723487096962
-0.86232763261371
-0.8623823758958876
-0.8624365811717721
-0.8624902510840363
-0.8625433883015661
-0.8625959955185579
-0.8626480754536305
-0.8626996308489501
-0.8627506644693694
-0.8628011791015807
-0.8628511775532814
-0.8629006626523537
-0.8629496372460568
-0.8629981042002326
-0.8630460663985241
-0.8630935267416061
-0.863140488146429
-0.8631869535454749
-0.8632329258860264
-0.8632784081294462
-0.8633234032504707
-0.863367914236514
-0.8634119440869845
-0.8634554958126124
-0.8634985724347897
-0.8635411769849207
-0.8635833125037846
-0.8636249820409081
-0.8636661886539503
-0.8637069354080973
-0.8637472253754687
-0.8637870616345337
-0.8638264472695382
-0.8638653853699425
-0.8639038790298689
-0.8639419313475594
-0.8639795454248437
-0.8640167243666168
-0.864053471280327
-0.8640897892754728
-0.8641256814631098
-0.8641611509553668
-0.8641962008649717
-0.864230834304786
-0.8642650543873487
-0.8642988642244291
-0.864332266926589
-0.8643652656027527
-0.8643978633597863
-0.8644300633020854
-0.8644618685311715
-0.8644932821452961
-0.8645243072390538
-0.8645549469030029
-0.8645852042232943
-0.8646150822813083
-0.8646445841532995
-0.8646737129100484
-0.864702471616522
-0.8647308633315411
-0.8647588911074551
-0.8647865579898236
-0.864813867017107
-0.864840821220362
-0.8648674236229454
-0.8648936772402249
-0.8649195850792961
-0.8649451501387065
-0.8649703754081866
-0.8649952638683867
-0.8650198184906209
-0.8650440422366175
-0.8650679380582748
-0.8650915088974245
-0.8651147576855999
-0.8651376873438107
-0.8651603007823242
-0.8651826009004513
-0.8652045905863395
-0.8652262727167703
-0.8652476501569637
-0.8652687257603866
-0.8652895023685683
-0.8653099828109198
-0.8653301699045596
-0.8653500664541441
-0.8653696752517034
-0.865388999076482
-0.8654080406947845
-0.8654268028598261
-0.8654452883115886
-0.8654634997766802
-0.8654814399682006
-0.8654991115856104
-0.8655165173146053
-0.8655336598269948
-0.8655505417805849
-0.8655671658190656
-0.8655835345719022
-0.8655996506542317
-0.8656155166667621
-0.8656311351956762
-0.8656465088125406
-0.865661640074216
-0.8656765315227747
-0.8656911856854186
-0.8657056050744039
-0.8657197921869668
-0.8657337495052553
-0.8657474794962624
-0.8657609846117642
-0.8657742672882611
-0.8657873299469221
-0.8658001749935326
-0.8658128048184456
-0.8658252217965359
-0.8658374282871574
-0.8658494266341037
-0.8658612191655718
-0.8658728081941287
-0.8658841960166804
-0.8658953849144448
-0.8659063771529265
-0.865917174981895
-0.8659277806353654
-0.8659381963315813
-0.8659484242730013
-0.8659584666462876
-0.8659683256222966
-0.8659780033560729
-0.8659875019868447
-0.8659968236380229
-0.8660059704172014
-0.86601494441616
-0.8660237477108699
-0.8660323823615008
-0.866040850412431
-0.8660491538922583
-0.8660572948138149
-0.866065275174182
-0.8660730969547081
-0.8660807621210291
-0.8660882726230894
-0.8660956303951656
-0.8661028373558914
-0.8661098954082854
-0.8661168064397795
-0.8661235723222492
-0.8661301949120465
-0.8661366760500326
-0.8661430175616149
-0.8661492212567827
-0.866155288930146
-0.8661612223609757
-0.8661670233132448
-0.8661726935356715
-0.8661782347617633
-0.8661836487098623
-0.8661889370831927
-0.8661941015699083
-0.8661991438431424
-0.8662040655610582
-0.8662088683669009
-0.8662135538890503
-0.8662181237410752
-0.8662225795217884
-0.8662269228153031
-0.8662311551910903
-0.8662352782040368
-0.8662392933945048
-0.8662432022883921
-0.8662470063971933
-0.8662507072180615
-0.8662543062338719
-0.8662578049132849
-0.8662612047108111
-0.8662645070668772
-0.8662677134078908
-0.8662708251463086
-0.8662738436807036
-0.8662767703958332
-0.8662796066627084
-0.8662823538386636
-0.8662850132674267
-0.86628758627919
-0.8662900741906817
-0.8662924783052379
-0.8662947999128752
-0.8662970402903636
-0.8662992007013004
-0.866301282396184
-0.8663032866124885
-0.8663052145747386
-0.8663070674945852
-0.8663088465708806
-0.8663105529897551
-0.8663121879246936
-0.8663137525366117
-0.866315247973934
-0.8663166753726705
-0.8663180358564951
-0.8663193305368231
-0.8663205605128899
-0.8663217268718291
-0.8663228306887516
-0.8663238730268247
-0.8663248549373507
-0.8663257774598465
-0.8663266416221231
-0.8663274484403657
-0.8663281989192123
-0.8663288940518347
-0.866329534820018
-0.8663301221942405
-0.8663306571337546
-0.8663311405866659
-0.8663315734900147
-0.866331956769855
-0.866332291341336
-0.8663325781087818
-0.8663328179657721
-0.866333011795222
-0.866333160469463
-0.8663332648503224
-0.8663333257892046
-0.8663333441271707
-0.8663333206950184
-0.8663332563133627
-0.8663331517927149
-0.8663330079335637
-0.866332825526454
-0.8663326053520667
-0.8663323481812985
-0.8663320547753411
-0.8663317258857606
-0.8663313622545761
-0.8663309646143394
-0.8663305336882132
-0.8663300701900497
-0.8663295748244693
-0.8663290482869385
-0.8663284912638483
-0.8663279044325914
-0.8663272884616405
-0.8663266440106252
-0.866325971730409
-0.8663252722631668
-0.8663245462424608
-0.8663237942933179
-0.8663230170323047
-0.8663222150676044
-0.8663213889990918
-0.8663205394184088
-0.8663196669090396
-0.8663187720463857
-0.8663178553978399
-0.8663169175228607
-0.8663159589730465
-0.8663149802922089
-0.8663139820164462
-0.8663129646742161
-0.8663119287864091
-0.8663108748664194
-0.8663098034202187
-0.8663087149464267
-0.8663076099363828
-0.8663064888742172
-0.8663053522369215
-0.866304200494419
-0.8663030341096348
-0.8663018535385654
-0.8663006592303478
-0.8662994516273288
-0.8662982311651333
-0.8662969982727323
-0.8662957533725112
-0.8662944968803368
-0.8662932292056248
-0.8662919507514063
-0.8662906619143942
-0.8662893630850487
-0.8662880546476437
-0.8662867369803315
-0.8662854104552076
-0.866284075438375
-0.8662827322900089
-0.8662813813644192
-0.866280023010115
-0.8662786575698663
-0.8662772853807675
-0.8662759067742987
-0.8662745220763872
-0.86627313160747
-0.866271735682553
-0.8662703346112728
-0.866268928697956
-0.8662675182416791
-0.8662661035363279
-0.8662646848706559
-0.8662632625283432
-0.8662618367880541
-0.8662604079234955
-0.8662589762034728
-0.8662575418919481
-0.8662561052480957
-0.8662546665263586
-0.8662532259765036
-0.8662517838436767
-0.8662503403684584
-0.8662488957869173
-0.8662474503306642
-0.866246004226906
-0.8662445576984985
-0.8662431109639992
-0.8662416642377199
-0.8662402177297783
-0.8662387716461497
-0.8662373261887178
-0.8662358815553262
-0.8662344379398272
-0.8662329955321335
-0.8662315545182664
-0.8662301150804053
-0.8662286773969363
-0.8662272416425009
-0.8662258079880432
-0.8662243766008579
-0.8662229476446373
-0.8662215212795176
-0.866220097662126
-0.8662186769456257
-0.8662172592797618
-0.8662158448109065
-0.8662144336821037
-0.8662130260331135
-0.8662116220004556
-0.8662102217174539
-0.866208825314278
-0.8662074329179877
-0.8662060446525746
-0.8662046606390036
-0.8662032809952558
-0.8662019058363684
-0.8662005352744765
-0.8661991694188532
-0.8661978083759498
-0.8661964522494353
-0.8661951011402362
-0.8661937551465752
-0.8661924143640095
-0.8661910788854701
-0.8661897488012984
-0.8661884241992847
-0.8661871051647048
-0.8661857917803569
-0.8661844841265985
-0.8661831822813818
-0.8661818863202897
-0.8661805963165711
-0.8661793123411764
-0.8661780344627912
-0.8661767627478717
-0.8661754972606778
-0.8661742380633072
-0.8661729852157285
-0.8661717387758142
-0.8661704987993731
-0.8661692653401831
-0.8661680384500224
-0.8661668181787017
-0.8661656045740949
-0.8661643976821705
-0.8661631975470222
-0.8661620042108987
-0.8661608177142344
-0.8661596380956778
-0.8661584653921222
-0.8661572996387339
-0.8661561408689813
-0.8661549891146625
-0.866153844405934
-0.8661527067713386
-0.8661515762378321
-0.8661504528308112
-0.8661493365741395
-0.866148227490175
-0.8661471255997953
-0.8661460309224244
-0.8661449434760575
-0.8661438632772871
-0.8661427903413275
-0.8661417246820396
-0.866140666311956
-0.8661396152423041
-0.866138571483031
-0.8661375350428264
-0.8661365059291463
-0.8661354841482357
-0.8661344697051522
-0.8661334626037874
-0.86613246284689
-0.8661314704360874
-0.8661304853719072
-0.866129507653799
-0.8661285372801557
-0.8661275742483338
-0.8661266185546744
-0.866125670194524
-0.8661247291622539
-0.8661237954512805
-0.8661228690540851
-0.8661219499622327
-0.8661210381663919
-0.866120133656353
-0.8661192364210474
-0.8661183464485656
-0.8661174637261754
-0.86611658824034
-0.8661157199767358
-0.8661148589202691
-0.8661140050550946
-0.8661131583646315
-0.8661123188315806
-0.8661114864379408
-0.8661106611650253
-0.8661098429934785
-0.8661090319032907
-0.8661082278738147
-0.8661074308837808
-0.8661066409113125
-0.8661058579339411
-0.866105081928621
-0.8661043128717438
-0.8661035507391532
-0.8661027955061591
-0.8661020471475513
-0.8661013056376142
-0.8661005709501394
-0.8660998430584396
-0.8660991219353621
-0.8660984075533015
-0.8660976998842128
-0.8660969988996238
-0.8660963045706477
-0.8660956168679956
-0.8660949357619885
-0.866094261222569
-0.8660935932193138
-0.8660929317214442
-0.8660922766978385
-0.8660916281170425
-0.8660909859472813
-0.8660903501564695
-0.8660897207122225
-0.8660890975818666
-0.8660884807324498
-0.8660878701307516
-0.8660872657432935
-0.866086667536349
-0.8660860754759524
-0.8660854895279096
-0.8660849096578072
-0.8660843358310211
-0.8660837680127267
-0.8660832061679071
-0.8660826502613623
-0.866082100257718
-0.8660815561214337
-0.8660810178168115
-0.8660804853080042
-0.8660799585590239
-0.8660794375337489
-0.866078922195933
-0.8660784125092117
-0.8660779084371112
-0.8660774099430547
-0.8660769169903705
-0.8660764295422987
-0.8660759475619988
-0.8660754710125561
-0.8660749998569887
-0.8660745340582542
-0.8660740735792565
-0.8660736183828518
-0.8660731684318551
-0.8660727236890468
-0.8660722841171781
-0.8660718496789774
-0.8660714203371565
-0.8660709960544154
-0.8660705767934488
-0.8660701625169512
-0.8660697531876226
-0.8660693487681735
-0.8660689492213305
-0.8660685545098408
-0.866068164596478
-0.8660677794440463
-0.8660673990153859
-0.866067023273377
-0.8660666521809453
-0.8660662857010654
-0.8660659237967662
-0.8660655664311349
-0.8660652135673209
-0.8660648651685405
-0.8660645211980804
-0.866064181619302
-0.8660638463956452
-0.866063515490632
-0.8660631888678705
-0.8660628664910582
-0.8660625483239859
-0.8660622343305406
-0.8660619244747094
-0.8660616187205824
-0.8660613170323562
-0.8660610193743368
-0.8660607257109425
-0.8660604360067077
-0.8660601502262845
-0.8660598683344466
-0.8660595902960917
-0.8660593160762438
-0.8660590456400563
-0.8660587789528147
-0.8660585159799382
-0.8660582566869831
-0.8660580010396445
-0.8660577490037586
-0.8660575005453053
-0.8660572556304099
-0.8660570142253455
-0.8660567762965349
-0.8660565418105521
-0.8660563107341254
-0.8660560830341377
-0.8660558586776295
-0.8660556376317999
-0.8660554198640087
-0.8660552053417775
-0.8660549940327917
-0.8660547859049021
-0.866054580926126
-0.8660543790646482
-0.8660541802888235
-0.8660539845671769
-0.8660537918684053
-0.8660536021613786
-0.8660534154151411
-0.8660532315989122
-0.8660530506820876
-0.8660528726342402
-0.8660526974251215
-0.8660525250246618
-0.8660523554029717
-0.8660521885303424
-0.866052024377247
-0.8660518629143409
-0.8660517041124625
-0.8660515479426338
-0.8660513943760616
-0.8660512433841373
-0.8660510949384378
-0.8660509490107258
-0.8660508055729508
-0.8660506645972489
-0.8660505260559437
-0.866050389921546
-0.8660502561667551
-0.8660501247644581
-0.8660499956877306
-0.8660498689098372
-0.8660497444042311
-0.866049622144555
-0.8660495021046405
-0.8660493842585083
-0.866049268580369
-0.8660491550446223
-0.8660490436258573
-0.8660489342988528
-0.8660488270385767
-0.8660487218201864
-0.8660486186190286
-0.8660485174106387
-0.8660484181707415
-0.8660483208752504
-0.8660482255002675
-0.8660481320220831
-0.8660480404171759
-0.8660479506622124
-0.8660478627340465
-0.8660477766097199
-0.8660476922664605
-0.8660476096816836
-0.8660475288329902
-0.8660474496981675
-0.8660473722551881
-0.8660472964822096
-0.8660472223575737
-0.8660471498598071
-0.8660470789676197
-0.8660470096599044
-0.8660469419157371
-0.8660468757143753
-0.8660468110352586
-0.8660467478580071
-0.8660466861624216
-0.8660466259284827
-0.86604656713635
-0.866046509766362
-0.8660464537990348
-0.8660463992150621
-0.866046345995314
-0.8660462941208369
-0.866046243572852
-0.8660461943327554
-0.8660461463821171
-0.8660460997026798
-0.8660460542763592
-0.8660460100852423
-0.866045967111587
-0.8660459253378217
-0.8660458847465435
-0.8660458453205189
-0.8660458070426815
-0.8660457698961322
-0.8660457338641382
-0.8660456989301317
-0.8660456650777096
-0.8660456322906327
-0.8660456005528243
-0.8660455698483701
-0.8660455401615167
-0.866045511476671
-0.8660454837783993
-0.8660454570514265
-0.8660454312806353
-0.8660454064510648
-0.8660453825479102
-0.8660453595565218
-0.8660453374624039
-0.8660453162512137
-0.8660452959087611
-0.8660452764210071
-0.8660452577740632
-0.8660452399541902
-0.8660452229477978
-0.8660452067414431
-0.86604519132183
-0.8660451766758082
-0.8660451627903719
-0.8660451496526598
-0.8660451372499531
-0.8660451255696752
-0.8660451145993903
-0.8660451043268028
-0.8660450947397563
-0.8660450858262326
-0.8660450775743508
-0.8660450699723659
-0.8660450630086685
-0.8660450566717836
-0.8660450509503693
-0.8660450458332165
-0.8660450413092474
-0.8660450373675147
-0.8660450339972005
-0.8660450311876156
-0.8660450289281985
-0.8660450272085143
-0.8660450260182538
-0.8660450253472325
-0.8660450251853896
-0.8660450255227873
-0.8660450263496094
-0.8660450276561611
-0.866045029432867
-0.8660450316702709
-0.8660450343590346
-0.8660450374899369
-0.866045041053873
-0.8660450450418533
-0.8660450494450022
-0.8660450542545574
-0.866045059461869
-0.8660450650583986
-0.8660450710357182
-0.8660450773855092
-0.8660450840995617
-0.8660450911697738
-0.8660450985881498
-0.8660451063468003
-0.8660451144379403
-0.8660451228538891
-0.8660451315870692
-0.8660451406300048
-0.8660451499753216
-0.8660451596157455
-0.8660451695441019
-0.8660451797533149
-0.8660451902364057
-0.8660452009864927
-0.86604521199679
-0.8660452232606064
-0.8660452347713451
-0.8660452465225023
-0.8660452585076663
-0.8660452707205173
-0.8660452831548255
-0.8660452958044514
-0.8660453086633437
-0.8660453217255394
-0.8660453349851625
-0.8660453484364233
-0.8660453620736177
-0.8660453758911258
-0.8660453898834118
-0.8660454040450226
-0.866045418370587
-0.8660454328548154
-0.8660454474924985
-0.8660454622785065
-0.8660454772077887
-0.8660454922753719
-0.8660455074763603
-0.8660455228059347
-0.8660455382593515
-0.8660455538319416
-0.8660455695191099
-0.8660455853163349
-0.8660456012191673
-0.8660456172232296
-0.866045633324215
-0.8660456495178873
-0.8660456658000794
-0.8660456821666929
-0.8660456986136973
-0.8660457151371292
-0.866045731733092
-0.8660457483977542
-0.8660457651273498
-0.8660457819181767
-0.8660457987665967
-0.8660458156690338
-0.8660458326219747
-0.8660458496219672
-0.8660458666656198
-0.8660458837496012
-0.8660459008706392
-0.8660459180255202
-0.8660459352110889
-0.8660459524242468
-0.8660459696619522
-0.8660459869212197
-0.8660460041991186
-0.8660460214927731
-0.8660460387993614
-0.8660460561161148
-0.8660460734403176
-0.8660460907693059
-0.8660461081004676
-0.8660461254312407
-0.8660461427591141
-0.8660461600816257
-0.8660461773963628
-0.8660461947009607
-0.8660462119931025
-0.8660462292705186
-0.8660462465309857
-0.8660462637723266
-0.8660462809924094
-0.8660462981891474
-0.8660463153604974
-0.8660463325044605
-0.8660463496190804
-0.8660463667024437
-0.8660463837526788
-0.8660464007679557
-0.8660464177464849
-0.8660464346865178
-0.866046451586345
-0.8660464684442969
-0.8660464852587424
-0.8660465020280886
-0.8660465187507805
-0.6179446351854239
-0.37361349816829226
-0.1330164391411778
0.10388158018289159
0.3371140982567604
0.5667132428212852
0.792709806238492
1.0151333148044446
1.2340120944189694
1.44937333346956
1.6612431433312174
1.8696466167300934
2.074607884155146
2.2761501684681194
2.474295837839835
2.6690664571240474
2.8604828377666776
3.0485650863370513
3.233332651758219
3.414804371305163
3.592998515432406
3.7679328314860445
3.9396245863494035
4.108090608066199
4.27334732648027
4.435410812926467
4.594296819003186
4.750020814453208
4.9025980241759415
5.05204346439086
5.198371977968813
5.341598268944991
5.4817369362246
5.618802506489777
5.7528094663138765
5.883772293487042
6.011705487554917
6.136623599570392
6.258541261056515
6.377473212177026
6.493434329109428
6.606439650614142
6.71650440379197
6.82364402902097
6.927874204062778
7.0292108673275004
7.127670240285501
7.2232688490137
7.316023544863425
7.4059515242363885
7.493070347455009
7.577397956713042
7.6589526930923375
7.737753312631549
7.813819001432637
7.887169389791262
7.957824565337405
8.025805085172985
8.091131986993732
8.153826799183198
8.213911549867502
8.271408774920216
8.326341524907736
8.378733370966499
8.428608409604514
8.475991266420934
8.520907098738636
8.56338159714627
8.603440985947651
8.641112022517989
8.676421995568077
8.70939872231932
8.740070544594255
8.768466323829102
8.794615435016784
8.818547759590848
8.84029367726273
8.859884056826862
8.877350245950193
8.892724059964811
8.906037769684465
8.917324088267902
8.926616157154028
8.93394753109602
8.939352162323555
8.942864383864356
8.94451889205824
8.944350728298767
8.942395260039431
8.938688161103123
8.933265391335281
8.926163175642715
8.917417982461599
8.907066501699457
8.89514562219727
8.881692408758854
8.866744078795755
8.850337978636615
8.832511559550728
8.813302353536013
8.792747948921985
8.770885965838529
8.747754031601344
8.723389756064776
8.6978307069925
8.671114385496091
8.643278201590869
8.61435944991769
8.584395285678427
8.553422700831819
8.521478500595137
8.488599280295823
8.454821402615723
8.42018097526897
8.384713829152837
8.348455497009073
8.311441192631301
8.273705790652045
8.235283806940897
8.196209379643138
8.156516250885948
8.116237749177078
8.075406772518553
8.034055772255687
7.992216737679304
7.949921181396798
7.907200125485265
7.864084088437681
7.820603072910763
7.776786554280933
7.732663470012568
7.688262209840569
7.643610606767161
7.598735928870816
7.553664871923201
7.508423552808174
7.463037503735036
7.417531667236513
7.371930391940319
7.32625742910161
7.28053592988217
7.234788443360855
7.189036915258549
7.143302687359743
7.0976064976118005
7.051968480882028
7.006408170351808
6.960944499526322
6.915595804837718
6.8703798288190265
6.825313723825667
6.780414056281002
6.73569681142211
6.691177398521755
6.646870656562372
6.60279086033789
6.558951726959181
6.5153664227390715
6.472047570432969
6.429007256811408
6.386257040541067
6.343807960351172
6.301670543462548
6.259854814257032
6.218370303165395
6.177226055752456
6.136430641978583
6.095992165617339
6.0559182738096355
6.0162161667353535
5.9768926073840305
5.937953931406851
5.899406057032845
5.861254495032862
5.823504358715556
5.786160373940308
5.749226889132692
5.712707885288753
5.676606985955065
5.640927467172193
5.605672267369866
5.570843997202797
5.536444949316763
5.502477108035182
5.4689421589570415
5.435841498457655
5.403176243084314
5.370947238839486
5.3391550703447646
5.307800069879337
5.276882326287268
5.246401693748387
5.216357800408097
5.186750056861868
5.1575776644906615
5.128839623643947
5.100534741667421
5.07266164077292
5.04521876574841
5.0182043915063135
4.991616630468763
4.965453439788717
4.939712628406178
4.9143918639390645
4.8894886794085455
4.865000479798924
4.8409245484524135
4.817258053299351
4.793998052924652
4.771141502471469
4.748685259383243
4.726626088985491
4.7049606699088375
4.683685599354946
4.662797398207158
4.642292515987751
4.6221673356638515
4.602418178304159
4.583041307588687
4.56403293417386
4.545389219915358
4.527106281951146
4.509180196647226
4.4916070034086655
4.474382708358505
4.45750328788719
4.440964692075203
4.424762847991569
4.4088936628709625
4.393353027172114
4.37813681752025
4.363240899536291
4.348661130555515
4.334393362238406
4.320433443076385
4.3067772207951
4.293420544657944
4.280359267672438
4.2675892487020946
4.255106354486352
4.24290646157113
4.230985458152545
4.2193392458362595
4.207963741314936
4.196854877966201
4.186008607373508
4.175420900772228
4.165087750423278
4.155005170916531
4.145169200406226
4.13557590178055
4.126221363767514
4.1171017019792036
4.108213059896444
4.099551609795872
4.091113553621359
4.082895123801687
4.0748925840163395
4.0671022299112165
4.0595203897660435
4.052143425115195
4.044967731323616
4.037989738119482
4.0312059100851805
4.024612747108177
4.0182067847932625
4.011984594837659
4.005942785370409
4.000078001257429
3.9943869243735777
3.9888662738430463
3.983512806249338
3.9783233158160707
3.973294634559793
3.968423632415976
3.963707217339303
3.9591423353793385
3.9547259707326408
3.9504551457723274
3.946326921056092
3.9423383953136173
3.9384867054143218
3.9347690263163213
3.9311825709974824
3.9277245903693947
3.9243923731750767
3.921183245871191
3.918094572495528
3.915123754520478
3.912268230693206
3.9095254768631946
3.90689300579782
3.904368366986586
3.9019491464346245
3.899632966446056
3.8974174853977637
3.8953003975041365
3.8932794325733
3.891352355755342
3.889516967283019
3.8877711022054102
3.8861126301149733
3.884539454868429
3.8830495143018964
3.8816407799406787
3.880311256704081
3.879058982605631
3.8778820284490636
3.876778497520399
3.8757465252764547
3.8747842790300955
3.873889957632527
3.8730617911529257
3.8722980405556724
3.871596997375467
3.87095698339057
3.8703763502944204
3.869853479365859
3.8693867811381844
3.8689746950672546
3.8686156891988364
3.868308259835402
3.8680509312025575
3.867842255115282
3.8676808106441474
3.8675652037816857
3.8674940671090523
3.867466059463139
3.867479865604276
3.867534195884657
3.8676277859176156
3.867759396247877
3.867927812022898
3.868131842665405
3.8683703215472383
3.868642105664601
3.868946075314802
3.8692811337745905
3.8696462069801587
3.870040243208898
3.8704622127629813
3.870911107654847
3.871385941294644
3.871885748179714
3.872409583586154
3.8729565232625323
3.8735256631258004
3.8741161189594506
3.87472702611397
3.875357539209633
3.876006831841669
3.8766740962878465
3.8773585432185076
3.8780594014090837
3.878775917455125
3.8795073554898676
3.8802529969043658
3.8810121400702116
3.8817841000648623
3.8825682083995963
3.88336381275011
3.8841702766897765
3.884986979425575
3.885813315536703
3.886648694715885
3.8874925415133794
3.888344295083698
3.8892034089350376
3.890069350681431
3.890941601797619
3.8918196573766473
3.892703025890183
3.893591228951558
3.894483801081531
3.8953802894767673
3.896280253781034
3.8971832658591032
3.8980889095733624
3.898996780563116
3.899906486026582
3.900817644505569
3.9017298856728226
3.902642850122041
3.9035561891605375
3.90446956460455
3.905382648577176
3.90629512330893
3.907206680940903
3.9081170233305187
3.909025861859863
3.909932917246581
3.910837919357325
3.9117406070237344
3.9126407278609365
3.9135380380885505
3.9144323023541774
3.9153232935593634
3.916210792688014
3.9170945886372466
3.917974478050662
3.918850265154016
3.919721761593278
3.9205887862750477
3.9214511652093282
3.9223087313546183
3.92316132446532
3.924008790941433
3.924850983680523
3.9256877619319384
3.9265189911532614
3.927344542868972
3.928164294531305
3.9289781293832764
3.9297859363238703
3.930587609775351
3.931383049552694
3.9321721607351052
3.932954853539618
3.933731043196739
3.9345006498281245
3.9352635983262747
3.936019818236212
3.9367692436391364
3.9375118130380256
3.9382474692451708
3.9389761592716175
3.939697834218499
3.940412449170235
3.9411199630895832
3.9418203387145145
3.942513542456899
3.943199544302976
3.943878317715596
3.944549839538205
3.9452140899005577
3.945871052126137
3.9465207126412594
3.9471630608858472
3.947798089225848
3.9484257928672797
3.9490461697718824
3.949659220574359
3.95026494850118
3.950863359290941
3.9514544611162443
3.952038264507091
3.952614782275764
3.95318402944318
3.9537460231666945
3.954300782669337
3.954848329170461
3.9553886858177902
3.955921877620839
3.95644793138569
3.956966875651112
3.9574787406259975
3.9579835581281033
3.9584813615240764
3.9589721856707434
3.9594560668576517
3.959933042750838
3.9604031523378125
3.9608664358737387
3.961322934828788
3.961772691836661
3.962215750644246
3.96265215606241
3.963081953917897
3.9635051910063193
3.963921915046227
3.964332174634236
3.9647360192012027
3.9651334989694225
3.9655246649108444
3.9659095687062784
3.9662882627055844
3.9666607998888255
3.96702723382837
3.967387618651926
3.9677420090065
3.9680904600232494
3.968433027283234
3.968769766784034
3.9691007349072307
3.9694259883867304
3.9697455842779217
3.970059579927645
3.9703680329449678
3.970671001172746
3.9709685426599624
3.9712607156348234
3.9715475784786065
3.9718291897002396
3.9721056079116033
3.97237689180354
3.972643100122561
3.9729042916482324
3.9731605251712345
3.973411859472077
3.9736583533004612
3.9739000653552736
3.974137054265202
3.974369378569961
3.974597096702116
3.9748202669694903
3.9750389475381516
3.9752531964159585
3.975463071436661
3.9756686302445408
3.975869930279585
3.9760670287631763
3.976259982684296
3.976448848786222
3.9766336835537186
3.9768145432007027
3.9769914836583795
3.9771645605638364
3.9773338292490847
3.9774993447305427
3.977661161698945
3.977819334509676
3.9779739171735122
3.978124963347766
3.9782725263278245
3.9784166590390706
3.978557414029182
3.9786948434607945
3.9788289991045263
3.9789599323323506
3.9790876941113114
3.9792123349975728
3.9793339051307948
3.979452454228827
3.979568031582714
3.979680686052001
3.9797904660603374
3.9798974195913694
3.9800015941849103
3.9801030369333876
3.9802017944785564
3.9802979130084717
3.9803914382547148
3.9804824154898677
3.9805708895252243
3.9806569047087392
3.980740504923201
3.9808217335846283
3.9809006336408816
3.9809772475704808
3.9810516173816306
3.98112378461144
3.981193790325335
3.981261675116659
3.9813274791064486
3.9813912419433923
3.981453002803954
3.9815128003926628
3.981570672942564
3.9816266582158235
3.981680793504482
3.9817331156313567
3.98178366095108
3.9818324653512787
3.9818795642538793
3.981924992616545
3.9819687849342325
3.982010975240868
3.9820515971111377
3.9820906836623875
3.982128267556631
3.9821643810026566
3.982199055758235
3.9822323231324206
3.9822642139879454
3.982294758743697
3.982323987377284
3.982351929427678
3.9823786139979367
3.982404069757998
3.982428324947544
3.982451407378935
3.9824733444402063
3.982494163098124
3.9825138899013033
3.9825325509833793
3.9825501720662317
3.982566778463258
3.982582395082695
3.9825970464309832
3.982610756616178
3.9826235493513935
3.9826354479582875
3.9826464753705815
3.9826566541376116
3.9826660064279094
3.9826745540328115
3.982682318370096
3.98268932048764
3.9826955810671016
3.982701120427619
3.9827059585295292
3.9827101149781026
3.9827136090272903
3.9827164595834854
3.982718685209294
3.9827203041273154
3.982721334223929
3.9827217930530883
3.9827216978401165
3.982721065485509
3.9827199125687334
3.982718255352029
3.9827161097842105
3.982713491504461
3.9827104158461273
3.982706897840505
3.9827029522206217
3.9826985934250088
3.982693835601466
3.9826886926108167
3.9826831780306504
3.9826773051590547
3.9826710870183346
3.982664536358716
3.9826576656620367
3.9826504871454214
3.982643012764937
3.9826352542192356
3.982627222953176
3.9826189301614265
3.9826103867920506
3.9826016035500693
3.982592590901004
3.982583359074398
3.9825739180673163
3.98256427764782
3.98255444735842
3.982544436519507
3.982534254232755
3.982523909384502
3.9825134106491027
3.98250276649226
3.9824919851743257
3.9824810747535766
3.9824700430894646
3.9824588978458375
3.982447646494134
3.982436296316549
3.9824248544091727
3.9824133276850997
3.9824017228775097
3.9823900465427204
3.9823783050632087
3.9823665046506047
3.9823546513486563
3.9823427510361618
3.982330809429874
3.982318832087376
3.9823068244099233
3.9822947916452582
3.9822827388903934
3.982270671094364
3.982258593060951
3.982246509451372
3.982234424786944
3.982222343451712
3.9822102696950514
3.982198207634235
3.9821861612569736
3.9821741344239223
3.9821621308711608
3.9821501542126376
3.982138207942588
3.98212629543792
3.982114419960569
3.9821025846598257
3.982090792574628
3.9820790466358287
3.982067349668429
3.9820557043937854
3.982044113431782
3.982032579302979
3.9820211044307285
3.98200969114326
3.9819983416757383
3.981987058172292
3.981975842688013
3.9819646971909273
3.981953623563936
3.98194262360673
3.9819316990376747
3.9819208514956674
3.9819100825419658
3.98189939366199
3.9818887862670964
3.981878261696324
3.9818678212181156
3.9818574660320074
3.9818471972702976
3.981837015999684
3.981826923222878
3.9818169198801923
3.9818070068510996
3.9817971849557714
3.981787454956586
3.9817778175596135
3.981768273416077
3.9817588231237884
3.981749467228557
3.9817402062255782
3.981731040560796
3.981721970632241
3.981712996791347
3.981704119344243
3.9816953385530214
3.981686654636985
3.981678067773871
3.981669578101053
3.9816611857167192
3.9816528906810316
3.981644693017261
3.9816365927129027
3.9816285897207693
3.9816206839600645
3.981612875317436
3.9816051636480063
3.9815975487763855
3.9815900304976632
3.9815826085783814
3.981575282757488
3.9815680527472708
3.981560918234272
3.981553878880187
3.9815469343227408
3.981540084176549
3.981533328033961
3.981526665465884
3.9815200960225896
3.9815136192345064
3.981507234612991
3.9815009416510865
3.981494739824261
3.981488628591133
3.9814826073941787
3.9814766756604247
3.9814708328021244
3.98146507821742
3.981459411290989
3.9814538313946737
3.9814483378881014
3.9814429301192855
3.981437607425214
3.9814323691324223
3.981427214557558
3.9814221430079244
3.981417153782016
3.9814122461700387
3.9814074194544196
3.9814026729102996
3.9813980058060188
3.981393417403585
3.981388906959135
3.9813844737233763
3.9813801169420286
3.9813758358562428
3.9813716297030153
3.981367497715588
3.9813634391238404
3.9813594531546683
3.981355539032353
3.9813516959789212
3.981347923214493
3.9813442199576197
3.981340585425616
3.981337018834877
3.98133351940119
3.9813300863400336
3.9813267188668715
3.9813234161974345
3.981320177547995
3.9813170021356328
3.9813138891784923
3.9813108378960322
3.981307847509266
3.981304917240995
3.9813020463160345
3.981299233961432
3.9812964794066756
3.9812937818838994
3.981291140628078
3.9812885548772172
3.9812860238725336
3.981283546858632
3.9812811230836744
3.981278751799541
3.981276432261988
3.9812741637307956
3.981271945469915
3.9812697767476033
3.9812676568365584
3.981265585014044
3.981263560562012
3.9812615827672184
3.981259650921332
3.9812577643210423
3.9812559222681587
3.9812541240697064
3.9812523690380166
3.981250656490813
3.9812489857512943
3.981247356148209
3.98124576701593
3.9812442176945217
3.981242707529807
3.9812412358734237
3.9812398020828836
3.9812384055216246
3.9812370455590584
3.981235721570618
3.981234432937796
3.9812331790481865
3.9812319592955165
3.9812307730796803
3.9812296198067654
3.9812284988890796
3.9812274097451725
3.981226351799855
3.9812253244842153
3.981224327235634
3.981223359497793
3.9812224207206866
3.9812215103606245
3.9812206278802384
3.98121977274848
3.981218944440622
3.981218142438253
3.9812173662292736
3.981216615307887
3.981215889174591
3.981215187336164
3.9812145093056532
3.9812138546023585
3.981213222751815
3.981212613285775
3.981212025742185
3.9812114596651664
3.98121091460499
3.9812103901180507
3.9812098857668414
3.981209401119924
3.981208935751902
3.9812084892433863
3.981208061180967
3.9812076511571783
3.9812072587704637
3.981206883625142
3.9812065253313706
3.981206183505108
3.9812058577680745
3.981205547747715
3.9812052530771567
3.98120497339517
3.981204708346126
3.9812044575799543
3.9812042207520983
3.9812039975234743
3.981203787560424
3.981203590534671
3.9812034061232766
3.9812032340085897
3.981203073878204
3.9812029254249084
3.9812027883466405
3.981202662346439
3.981202547132394
3.9812024424175996
3.9812023479201035
3.9812022633628597
3.981202188473677
3.9812021229851697
3.9812020666347085
3.9812020191643693
3.981201980320883
3.9812019498555853
3.981201927524365
3.981201913087615
3.98120190631018
3.9812019069613065
3.9812019148145916
3.9812019296479315
3.9812019512434715
3.981201979387554
3.98120201387067
3.9812020544874045
3.981202101036389
3.98120215332025
3.981202211145557
3.981202274322775
3.98120234266621
3.981202415993964
3.981202494127879
3.981202576893494
3.9812026641199894
3.981202755640141
3.9812028512902695
3.981202950910192
3.9812030543431725
3.9812031614358747
3.981203272038312
3.9812033860038016
3.9812035031889144
3.9812036234534296
3.9812037466602863
3.981203872675537
3.9812040013683014
3.9812041326107197
3.9812042662779064
3.9812044022479056
3.9812045404016447
3.981204680622891
3.9812048227982046
3.981204966816897
3.981205112570986
3.981205259955151
3.9812054088666917
3.9812055592054847
3.9812057108739407
3.981205863776963
3.9812060178219055
3.9812061729185317
3.9812063289789736
3.9812064859176917
3.981206643651434
3.9812068020991975
3.9812069611821874
3.98120712082378
3.981207280949483
3.981207441486898
3.981207602365682
3.9812077635175114
3.981207924876044
3.981208086376883
3.9812082479575412
3.9812084095574054
3.9812085711177
3.981208732581454
3.981208893893465
3.981209055000267
3.9812092158500936
3.9812093763928496
3.9812095365800735
3.9812096963649086
3.9812098557020694
3.9812100145478095
3.9812101728598925
3.9812103305975595
3.981210487721499
3.9812106441938186
3.9812107999780126
3.981210955038936
3.981211109342773
3.9812112628570113
3.9812114155504115
3.9812115673929815
3.9812117183559486
3.981211868411733
3.9812120175339207
3.9812121656972392
3.98121231287753
3.981212459051724
3.981212604197817
3.981212748294844
3.981212891322858
3.9812130332629025
3.9812131740969905
3.981213313808081
3.9812134523800564
3.9812135897976995
3.981213726046672
3.9812138611134933
3.981213994985519
3.98121412765092
3.9812142590986612
3.9812143893184824
3.9812145183008774
3.981214646037076
3.981214772519023
3.98121489773936
3.981215021691408
3.9812151443691466
3.981215265767198
3.98121538588081
3.9812155047058364
3.981215622238721
3.981215738476483
3.981215853416696
3.9812159670574774
3.9812160793974676
3.981216190435818
3.981216300172175
3.9812164086066635
3.9812165157398733
3.9812166215728464
3.9812167261070592
3.9812168293444126
3.981216931287215
3.9812170319381726
3.9812171313003724
3.9812172293772727
3.9812173261726893
3.9812174216907827
3.981217515936047
3.981217608913297
3.9812177006276595
3.9812177910845583
3.981217880289705
3.9812179682490885
3.9812180549689637
3.9812181404558418
3.981218224716479
3.9812183077578682
3.981218389587228
3.981218470211994
3.981218549639808
3.981218627878512
3.981218704936136
3.981218780820891
3.9812188555411616
3.9812189291054945
3.9812190015225934
3.9812190728013106
3.981219142950638
3.9812192119797003
3.9812192798977493
3.9812193467141532
3.981219412438393
3.981219477080054
3.981219540648819
3.9812196031544627
3.981219664606845
3.9812197250159054
3.9812197843916555
3.9812198427441747
3.9812199000836044
3.9812199564201407
3.981220011764032
3.981220066125571
3.981220119515092
3.981220171942963
3.9812202234195837
3.9812202739553797
3.9812203235607972
3.9812203722463004
3.9812204200223658
3.9812204668994777
3.9812205128881257
3.9812205579987996
3.9812206022419865
3.981220645628166
3.9812206881678076
3.9812207298713664
3.981220770749281
3.9812208108119687
3.981220850069824
3.9812208885332137
3.9812209262124765
3.981220963117917
3.981220999259806
3.9812210346483763
3.9812210692938197
3.9812211032062863
3.9812211363958805
3.981221168872659
3.98122120064663
3.9812212317277496
3.9812212621259198
3.981221291850988
3.981221320912743
3.981221349320916
3.981221377085175
3.981221404215128
3.9812214307203173
3.98122145661022
3.9812214818942464
3.981221506581738
3.9812215306819674
3.981221554204136
3.9812215771573736
3.981221599550736
3.9812216213932055
3.9812216426936895
3.9812216634610187
3.9812216837039474
3.981221703431152
3.981221722651231
3.981221741372703
3.981221759604007
3.9812217773535017
3.981221794629465
3.981221811440093
3.9812218277934996
3.9812218436977167
3.9812218591606934
3.9812218741902954
3.981221888794305
3.9812219029804212
3.9812219167562586
3.9812219301293483
3.9812219431071365
3.9812219556969852
3.981221967906172
3.9812219797418904
3.9812219912112488
3.981222002321271
3.9812220130788973
3.9812220234909823
3.9812220335642974
3.981222043305529
3.981222052721281
3.9812220618180714
3.981222070602336
3.981222079080426
3.981222087258611
3.9812220951430763
3.981222102739926
3.9812221100551812
3.981222117094781
3.981222123864583
3.981222130370363
3.981222136617818
3.981222142612563
3.9812221483601324
3.9812221538659824
3.98122215913549
3.981222164173953
3.9812221689865916
3.9812221735785487
3.981222177954889
3.981222182120601
3.9812221860805983
3.981222189839717
3.9812221934027203
3.981222196774296
3.9812221999590576
3.9812222029615465
3.981222205786231
3.981222208437507
3.9812222109196997
3.981222213237063
3.981222215393781
3.9812222173939675
3.981222219241668
3.981222220940861
3.9812222224954548
3.9812222239092923
3.9812222251861495
3.981222226329738
3.981222227343703
3.9812222282316254
3.9812222289970234
3.9812222296433517
3.981222230174003
3.9812222305923077
3.981222230901536
3.9812222311048973
3.981222231205541
3.981222231206559
3.981222231110984
3.981222230921791
3.9812222306418983
3.9812222302741684
3.981222229821408
3.9812222292863684
3.9812222286717476
3.98122222798019
3.981222227214287
3.981222226376578
3.981222225469551
3.9812222244956423
3.9812222234572396
3.98122222235668
3.9812222211962522
3.9812222199781973
3.981222218704708
3.9812222173779306
3.981222215999965
3.9812222145728664
3.9812222130986443
3.981222211579264
3.981222210016648
3.981222208412675
3.981222206769182
3.9812222050879638
3.9812222033707743
3.981222201619327
3.9812221998352957
3.9812221980203146
3.9812221961759797
3.9812221943038493
